   0 
   0 
   0 
   0 
 -67 
 -41 
 -14 
  14 
  39 
  62 
  80 
  90 
  90 
  80 
  62 
  40 
  13 
 -14 
 -40 
 -63 
 -84 
 -90 
 -90 
 -80 
 -63 
 -40 
 -14 
  14 
  40 
  62 
  80 
  90 
  88 
  80 
  62 
  39 
  14 
 -15 
 -40 
 -64 
 -80 
 -90 
 -90 
 -80 
 -64 
 -40 
 -14 
  14 
  39 
  62 
  80 
  88 
  93 
  78 
  62 
  40 
  13 
 -14 
 -40 
 -64 
 -80 
 -90 
 -90 
 -80 
 -63 
 -40 
 -14 
  13 
  41 
  61 
  80 
  90 
  88 
  80 
  62 
  40 
  14 
 -14 
 -40 
 -64 
 -80 
 -90 
 -90 
 -80 
 -67 
 -41 
 -14 
  14 
  39 
  62 
  80 
  90 
  90 
  80 
  62 
  40 
  13 
 -14 
 -40 
 -63 
 -84 
 -90 
 -90 
 -80 
 -63 
 -40 
 -13 
  14 
  40 
  62 
  80 
  90 
  88 
  80 
  62 
  39 
  15 
 -13 
 -39 
 -62 
 -78 
 -89 
 -92 
 -80 
 -64 
 -40 
 -14 
  15 
  40 
  63 
  81 
  89 
  92 
  77 
  60 
  37 
  10 
 -16 
 -40 
 -64 
 -79 
 -89 
 -89 
 -81 
 -65 
 -44 
 -19 
   8 
  38 
  59 
  78 
  88 
  88 
  78 
  63 
  38 
   9 
 -21 
 -47 
 -72 
 -87 
 -96 
 -93 
 -80 
 -63 
 -38 
 -13 
  13 
  35 
  56 
  74 
  83 
  85 
  79 
  65 
  48 
  25 
  -3 
 -32 
 -57 
 -80 
 -90 
 -94 
 -82 
 -63 
 -36 
  -1 
  33 
  62 
  85 
  98 
 103 
  94 
  78 
  54 
  29 
   4 
 -14 
 -31 
 -42 
 -53 
 -62 
 -70 
 -74 
 -82 
 -87 
 -88 
 -88 
 -77 
 -57 
 -37 
 -12 
  18 
  37 
  58 
  66 
  69 
  59 
  47 
  34 
  21 
  17 
  22 
  32 
  49 
  64 
  82 
  89 
  90 
  78 
  57 
  27 
  -8 
 -43 
 -72 
-100 
-116 
-116 
-107 
 -86 
 -60 
 -32 
   0 
  27 
  49 
  63 
  69 
  61 
  42 
  19 
  -9 
 -42 
 -68 
 -87 
 -90 
 -85 
 -66 
 -32 
   8 
  45 
  73 
  91 
  89 
  68 
  35 
 -11 
 -53 
 -88 
-107 
-103 
 -87 
 -49 
  -4 
  41 
  79 
 103 
 108 
  96 
  69 
  38 
   5 
 -14 
 -22 
 -13 
   8 
  38 
  65 
  81 
  87 
  73 
  49 
  15 
 -23 
 -55 
 -74 
 -78 
 -73 
 -53 
 -25 
  -4 
   7 
   9 
  -2 
 -31 
 -59 
 -81 
-103 
-107 
 -95 
 -69 
 -40 
  -7 
  19 
  33 
  36 
  31 
  11 
  -6 
 -21 
 -28 
 -22 
  -3 
  22 
  53 
  81 
  99 
 109 
 104 
  88 
  62 
  40 
  17 
   1 
   0 
   7 
  20 
  37 
  51 
  60 
  55 
  39 
  13 
 -21 
 -58 
 -95 
-124 
-128 
-128 
-128 
-111 
 -83 
 -48 
 -12 
  23 
  52 
  69 
  75 
  67 
  51 
  24 
  -8 
 -35 
 -61 
 -72 
 -74 
 -63 
 -40 
 -10 
  23 
  56 
  84 
  99 
  95 
  81 
  58 
  30 
   6 
 -14 
 -25 
 -22 
 -11 
   9 
  30 
  44 
  53 
  45 
  27 
  -2 
 -38 
 -69 
 -94 
-105 
-101 
 -79 
 -43 
  -6 
  31 
  65 
  84 
  86 
  69 
  43 
   4 
 -33 
 -67 
 -92 
-103 
 -97 
 -76 
 -45 
  -9 
  26 
  59 
  83 
  96 
 105 
 102 
  94 
  77 
  59 
  39 
  22 
   2 
 -11 
 -27 
 -42 
 -59 
 -71 
 -81 
 -90 
 -98 
 -99 
 -93 
 -78 
 -61 
 -39 
 -20 
  -1 
  19 
  34 
  45 
  54 
  59 
  60 
  64 
  62 
  67 
  62 
  58 
  48 
  37 
  17 
  -9 
 -35 
 -59 
 -79 
 -88 
 -85 
 -69 
 -38 
  -1 
  38 
  69 
  90 
  95 
  78 
  48 
  11 
 -35 
 -71 
 -96 
-102 
 -86 
 -51 
  -6 
  44 
  89 
 116 
 123 
 112 
  77 
  35 
 -12 
 -51 
 -79 
 -91 
 -84 
 -59 
 -29 
   0 
  19 
  24 
  14 
 -10 
 -37 
 -67 
 -95 
-101 
 -94 
 -73 
 -38 
  -5 
  26 
  46 
  59 
  51 
  29 
  10 
 -10 
 -24 
 -24 
  -9 
  15 
  42 
  73 
  96 
 105 
 100 
  83 
  56 
  27 
   4 
 -13 
 -18 
  -8 
   5 
  24 
  40 
  47 
  42 
  30 
   5 
 -28 
 -56 
 -80 
 -96 
-101 
 -90 
 -72 
 -50 
 -28 
 -18 
 -15 
 -21 
 -35 
 -53 
 -73 
 -83 
 -85 
 -75 
 -53 
 -21 
  17 
  56 
  89 
 121 
 127 
 127 
 127 
 116 
  82 
  46 
   9 
 -23 
 -47 
 -63 
 -66 
 -52 
 -27 
   3 
  32 
  60 
  79 
  85 
  73 
  54 
  25 
 -10 
 -46 
 -75 
 -92 
 -98 
 -90 
 -70 
 -49 
 -29 
 -17 
 -10 
 -14 
 -30 
 -47 
 -66 
 -77 
 -76 
 -64 
 -44 
 -20 
  10 
  37 
  58 
  72 
  78 
  76 
  73 
  72 
  66 
  66 
  69 
  66 
  58 
  48 
  28 
   1 
 -28 
 -57 
 -81 
 -89 
 -82 
 -60 
 -26 
  15 
  52 
  78 
  92 
  89 
  62 
  28 
 -12 
 -49 
 -79 
 -93 
 -90 
 -73 
 -43 
 -12 
  13 
  27 
  25 
  11 
 -14 
 -46 
 -72 
 -90 
 -88 
 -69 
 -42 
  -4 
  39 
  72 
  94 
 101 
  95 
  70 
  32 
  -8 
 -39 
 -66 
 -79 
 -76 
 -59 
 -34 
   0 
  34 
  62 
  89 
 100 
 104 
  95 
  74 
  50 
  23 
  -7 
 -31 
 -55 
 -70 
 -84 
 -93 
 -93 
 -84 
 -72 
 -55 
 -36 
 -10 
  15 
  42 
  60 
  76 
  84 
  78 
  65 
  44 
  18 
 -15 
 -44 
 -70 
 -93 
-101 
 -97 
 -82 
 -52 
 -20 
  15 
  47 
  73 
  93 
  99 
 100 
  92 
  79 
  61 
  48 
  37 
  25 
  12 
   0 
 -16 
 -33 
 -52 
 -69 
 -86 
 -99 
-104 
-103 
 -88 
 -65 
 -43 
 -19 
   1 
  14 
  19 
  19 
  10 
  -6 
 -16 
 -18 
 -12 
  -1 
  17 
  42 
  67 
  82 
  96 
  96 
  81 
  65 
  39 
  16 
  -1 
 -12 
 -12 
  -7 
   7 
  21 
  33 
  38 
  29 
   8 
 -21 
 -55 
 -92 
-126 
-128 
-128 
-128 
-118 
 -82 
 -38 
   8 
  48 
  81 
  99 
 104 
  92 
  69 
  44 
  17 
  -3 
 -15 
 -11 
   2 
  19 
  44 
  64 
  77 
  77 
  59 
  34 
   1 
 -34 
 -63 
 -83 
 -86 
 -75 
 -45 
 -10 
  26 
  59 
  82 
  88 
  78 
  52 
  20 
 -19 
 -52 
 -75 
 -90 
 -93 
 -84 
 -70 
 -55 
 -42 
 -38 
 -34 
 -35 
 -31 
 -28 
 -17 
   5 
  29 
  59 
  78 
  97 
  98 
  82 
  57 
  18 
 -21 
 -56 
 -76 
 -84 
 -72 
 -48 
 -11 
  29 
  65 
  90 
 101 
  95 
  75 
  46 
  15 
 -10 
 -24 
 -28 
 -16 
   1 
  21 
  41 
  50 
  46 
  34 
  10 
 -20 
 -53 
 -78 
 -99 
-112 
-107 
 -95 
 -82 
 -63 
 -47 
 -33 
 -25 
 -17 
 -10 
  -1 
  13 
  32 
  55 
  80 
 105 
 120 
 124 
 112 
  89 
  58 
  15 
 -26 
 -68 
 -96 
-110 
-107 
 -90 
 -59 
 -24 
   9 
  40 
  56 
  62 
  54 
  36 
  10 
 -19 
 -43 
 -64 
 -76 
 -78 
 -71 
 -55 
 -37 
 -13 
   8 
  26 
  47 
  60 
  72 
  79 
  82 
  85 
  86 
  78 
  71 
  58 
  46 
  28 
  11 
  -6 
 -26 
 -40 
 -57 
 -70 
 -81 
 -87 
 -88 
 -90 
 -90 
 -83 
 -72 
 -53 
 -37 
 -14 
  13 
  34 
  54 
  66 
  72 
  70 
  57 
  38 
  11 
 -14 
 -35 
 -48 
 -51 
 -45 
 -25 
   2 
  39 
  70 
  98 
 118 
 122 
 109 
  81 
  42 
  -1 
 -44 
 -81 
-112 
-127 
-128 
-115 
 -93 
 -63 
 -37 
 -17 
  -3 
   1 
   0 
  -7 
 -18 
 -24 
 -26 
 -22 
  -9 
  11 
  31 
  52 
  73 
  83 
  94 
  93 
  86 
  77 
  64 
  56 
  46 
  34 
  23 
   6 
 -10 
 -29 
 -50 
 -68 
 -86 
 -97 
 -95 
 -83 
 -60 
 -35 
  -3 
  24 
  44 
  54 
  50 
  35 
   8 
 -22 
 -49 
 -78 
 -94 
 -93 
 -84 
 -62 
 -39 
 -13 
   8 
  30 
  46 
  51 
  59 
  64 
  66 
  73 
  78 
  85 
  89 
  87 
  80 
  63 
  41 
  11 
 -22 
 -53 
 -83 
-104 
-113 
-108 
 -94 
 -68 
 -37 
  -4 
  26 
  57 
  71 
  77 
  67 
  44 
  13 
 -18 
 -52 
 -79 
 -95 
 -95 
 -82 
 -59 
 -23 
  18 
  53 
  76 
  90 
  86 
  62 
  29 
 -10 
 -50 
 -79 
 -94 
 -86 
 -68 
 -36 
   5 
  42 
  75 
  97 
  99 
  92 
  72 
  48 
  21 
   3 
  -6 
  -5 
   8 
  23 
  38 
  51 
  53 
  46 
  29 
   4 
 -25 
 -48 
 -70 
 -87 
 -99 
-100 
 -95 
 -88 
 -83 
 -75 
 -67 
 -57 
 -47 
 -30 
 -13 
   8 
  29 
  51 
  70 
  77 
  78 
  68 
  50 
  32 
  17 
   9 
   9 
  14 
  30 
  52 
  71 
  76 
  79 
  58 
  30 
  -7 
 -50 
 -90 
-123 
-128 
-128 
-115 
 -80 
 -39 
   5 
  43 
  67 
  85 
  83 
  78 
  67 
  52 
  43 
  40 
  45 
  48 
  48 
  46 
  34 
  11 
 -16 
 -48 
 -74 
 -98 
-109 
-105 
 -86 
 -54 
 -19 
  15 
  43 
  56 
  56 
  40 
  16 
 -16 
 -47 
 -68 
 -87 
 -95 
 -89 
 -77 
 -59 
 -41 
 -25 
 -10 
  -3 
  14 
  25 
  42 
  60 
  75 
  97 
 108 
 114 
 113 
  97 
  74 
  51 
  30 
  10 
  -2 
  -2 
   0 
  14 
  25 
  33 
  34 
  23 
   5 
 -22 
 -50 
 -73 
 -91 
-100 
 -96 
 -82 
 -61 
 -42 
 -23 
 -16 
 -18 
 -26 
 -40 
 -59 
 -72 
 -75 
 -67 
 -51 
 -28 
   4 
  31 
  63 
  82 
  93 
  94 
  88 
  79 
  73 
  65 
  58 
  52 
  48 
  37 
  25 
   4 
 -23 
 -52 
 -78 
-103 
-114 
-111 
 -94 
 -68 
 -34 
   8 
  46 
  75 
  94 
 100 
  92 
  73 
  52 
  27 
   5 
  -9 
 -20 
 -22 
 -24 
 -25 
 -29 
 -35 
 -47 
 -64 
 -80 
 -88 
 -88 
 -77 
 -56 
 -27 
  11 
  52 
  87 
 113 
 127 
 127 
 111 
  86 
  47 
  12 
 -22 
 -49 
 -65 
 -68 
 -67 
 -53 
 -36 
 -22 
 -16 
 -11 
 -15 
 -25 
 -35 
 -51 
 -62 
 -66 
 -64 
 -51 
 -37 
 -18 
   8 
  29 
  53 
  70 
  81 
  90 
  95 
  91 
  89 
  84 
  74 
  60 
  46 
  26 
  11 
  -7 
 -27 
 -44 
 -59 
 -74 
 -85 
 -89 
 -92 
 -92 
 -93 
 -84 
 -71 
 -53 
 -34 
 -12 
  11 
  31 
  54 
  71 
  83 
  87 
  80 
  72 
  51 
  29 
   6 
 -23 
 -45 
 -66 
 -79 
 -81 
 -72 
 -58 
 -36 
  -6 
  27 
  58 
  87 
 110 
 121 
 121 
 103 
  84 
  47 
  12 
 -22 
 -51 
 -71 
 -79 
 -79 
 -66 
 -50 
 -31 
 -23 
 -17 
 -21 
 -31 
 -47 
 -67 
 -80 
 -85 
 -83 
 -67 
 -47 
 -25 
   4 
  26 
  47 
  56 
  66 
  68 
  66 
  63 
  68 
  72 
  72 
  71 
  63 
  48 
  28 
   1 
 -30 
 -60 
 -79 
 -88 
 -80 
 -54 
 -22 
  20 
  53 
  86 
  95 
  85 
  61 
  27 
 -16 
 -58 
 -84 
-100 
 -98 
 -75 
 -42 
   0 
  40 
  68 
  83 
  80 
  65 
  37 
   4 
 -29 
 -55 
 -73 
 -86 
 -88 
 -83 
 -73 
 -59 
 -52 
 -47 
 -43 
 -38 
 -24 
 -11 
   7 
  26 
  49 
  71 
  89 
 101 
 102 
  98 
  85 
  69 
  58 
  42 
  26 
  15 
   4 
  -7 
 -23 
 -37 
 -55 
 -75 
 -93 
-100 
 -98 
 -87 
 -64 
 -31 
   0 
  38 
  69 
  94 
 107 
 104 
  89 
  63 
  35 
   6 
 -18 
 -40 
 -52 
 -59 
 -62 
 -57 
 -52 
 -50 
 -51 
 -54 
 -54 
 -51 
 -43 
 -32 
 -10 
  13 
  39 
  67 
  94 
 109 
 115 
 104 
  88 
  55 
  19 
 -15 
 -48 
 -77 
 -94 
-102 
 -98 
 -81 
 -60 
 -38 
 -18 
   2 
  15 
  25 
  27 
  29 
  32 
  37 
  46 
  54 
  66 
  75 
  74 
  67 
  49 
  23 
 -11 
 -49 
 -84 
-112 
-128 
-128 
-116 
 -84 
 -50 
 -11 
  25 
  53 
  77 
  81 
  79 
  67 
  46 
  31 
  19 
  14 
  16 
  23 
  32 
  44 
  54 
  55 
  50 
  40 
  21 
   3 
 -19 
 -38 
 -56 
 -73 
 -86 
 -96 
-102 
-106 
-104 
-101 
 -91 
 -74 
 -51 
 -31 
  -5 
  16 
  34 
  48 
  54 
  56 
  51 
  46 
  42 
  38 
  40 
  50 
  54 
  71 
  80 
  90 
  93 
  86 
  78 
  62 
  47 
  24 
   2 
 -16 
 -37 
 -56 
 -69 
 -82 
 -92 
-100 
-102 
-101 
 -90 
 -75 
 -54 
 -31 
 -10 
   5 
  15 
  19 
  15 
   2 
  -9 
 -16 
 -21 
 -15 
   3 
  26 
  55 
  77 
  96 
 102 
  92 
  71 
  33 
  -7 
 -43 
 -75 
 -86 
 -83 
 -68 
 -35 
   6 
  48 
  80 
  96 
  96 
  78 
  46 
   1 
 -41 
 -77 
 -97 
-106 
 -93 
 -69 
 -34 
   6 
  44 
  73 
  86 
  85 
  67 
  42 
   6 
 -30 
 -61 
 -80 
 -88 
 -86 
 -64 
 -35 
   1 
  35 
  64 
  85 
  89 
  78 
  55 
  24 
 -12 
 -46 
 -69 
 -82 
 -85 
 -72 
 -44 
 -11 
  26 
  57 
  81 
  90 
  81 
  63 
  30 
  -5 
 -41 
 -69 
 -86 
 -88 
 -81 
 -60 
 -27 
  11 
  42 
  69 
  84 
  83 
  69 
  39 
   5 
 -32 
 -64 
 -89 
 -98 
 -90 
 -70 
 -35 
   7 
  47 
  79 
  99 
 101 
  83 
  56 
  18 
 -24 
 -59 
 -82 
 -90 
 -82 
 -51 
 -14 
  28 
  65 
  94 
 104 
  99 
  79 
  48 
  14 
 -22 
 -48 
 -62 
 -64 
 -58 
 -42 
 -22 
  -4 
   3 
   2 
  -4 
 -26 
 -47 
 -65 
 -83 
 -86 
 -83 
 -67 
 -45 
 -20 
   8 
  29 
  48 
  62 
  70 
  74 
  77 
  80 
  79 
  83 
  84 
  80 
  71 
  54 
  34 
   8 
 -21 
 -53 
 -78 
-101 
-112 
-109 
 -92 
 -70 
 -43 
  -7 
  27 
  57 
  74 
  80 
  75 
  54 
  27 
  -8 
 -43 
 -69 
 -86 
 -92 
 -82 
 -61 
 -32 
   6 
  44 
  71 
  88 
  84 
  69 
  40 
   1 
 -36 
 -73 
 -92 
 -98 
 -84 
 -58 
 -19 
  22 
  60 
  89 
 103 
  96 
  77 
  48 
  15 
 -13 
 -30 
 -35 
 -28 
  -9 
  13 
  37 
  49 
  55 
  42 
  20 
 -11 
 -48 
 -77 
-100 
-108 
-100 
 -74 
 -39 
  -1 
  33 
  61 
  76 
  74 
  56 
  31 
  -3 
 -37 
 -67 
 -89 
 -99 
 -93 
 -76 
 -49 
 -20 
  14 
  47 
  76 
  94 
 107 
 114 
 109 
  92 
  75 
  50 
  26 
   3 
 -12 
 -27 
 -40 
 -43 
 -48 
 -51 
 -53 
 -56 
 -62 
 -62 
 -59 
 -53 
 -39 
 -19 
   5 
  34 
  64 
  86 
 103 
 111 
 101 
  78 
  43 
   7 
 -32 
 -67 
 -92 
-106 
-109 
 -99 
 -82 
 -61 
 -44 
 -28 
 -18 
 -14 
 -10 
  -8 
  -1 
  11 
  29 
  51 
  72 
  91 
  99 
  90 
  70 
  41 
   5 
 -31 
 -63 
 -78 
 -82 
 -66 
 -39 
  -1 
  42 
  74 
  97 
 102 
  91 
  67 
  32 
  -1 
 -30 
 -49 
 -53 
 -50 
 -31 
 -11 
   7 
  21 
  23 
  11 
 -11 
 -39 
 -69 
 -94 
-113 
-114 
-103 
 -79 
 -46 
 -14 
  19 
  50 
  73 
  90 
  95 
  92 
  80 
  63 
  43 
  18 
  -7 
 -33 
 -56 
 -72 
 -86 
 -89 
 -79 
 -58 
 -34 
  -2 
  30 
  60 
  83 
  98 
 104 
  96 
  82 
  63 
  45 
  28 
  16 
   4 
  -2 
  -8 
 -18 
 -29 
 -43 
 -59 
 -77 
 -91 
 -97 
 -89 
 -73 
 -47 
 -13 
  20 
  50 
  69 
  76 
  71 
  49 
  15 
 -18 
 -53 
 -77 
 -89 
 -81 
 -63 
 -32 
   3 
  42 
  73 
  91 
  95 
  87 
  62 
  30 
  -4 
 -40 
 -66 
 -80 
 -77 
 -61 
 -37 
  -5 
  30 
  64 
  93 
 106 
 109 
  99 
  78 
  46 
  12 
 -19 
 -51 
 -71 
 -84 
 -96 
 -93 
 -91 
 -83 
 -76 
 -68 
 -61 
 -54 
 -42 
 -30 
 -13 
   5 
  31 
  52 
  71 
  88 
  96 
  93 
  77 
  58 
  32 
  12 
  -3 
 -17 
 -14 
  -5 
  10 
  25 
  35 
  41 
  32 
  17 
 -10 
 -38 
 -69 
 -94 
-107 
-104 
 -83 
 -53 
 -14 
  29 
  60 
  80 
  90 
  76 
  49 
  10 
 -30 
 -67 
 -91 
-101 
 -93 
 -66 
 -26 
  18 
  60 
  93 
 109 
 106 
  89 
  60 
  16 
 -25 
 -59 
 -84 
 -91 
 -82 
 -53 
 -15 
  22 
  58 
  81 
  92 
  83 
  63 
  33 
  -2 
 -36 
 -64 
 -84 
 -88 
 -82 
 -64 
 -40 
 -17 
  -1 
  12 
  15 
  12 
  -1 
 -18 
 -24 
 -32 
 -31 
 -25 
  -6 
  20 
  47 
  75 
 101 
 120 
 127 
 118 
 102 
  72 
  36 
  -5 
 -41 
 -75 
 -99 
-110 
-106 
 -87 
 -60 
 -30 
   2 
  28 
  45 
  48 
  41 
  24 
  -6 
 -36 
 -62 
 -86 
 -98 
 -98 
 -85 
 -69 
 -43 
 -19 
  -1 
  17 
  31 
  37 
  44 
  50 
  55 
  65 
  75 
  84 
  86 
  84 
  73 
  50 
  25 
  -7 
 -36 
 -57 
 -70 
 -73 
 -57 
 -28 
   3 
  35 
  65 
  79 
  79 
  65 
  39 
  12 
 -24 
 -53 
 -76 
 -90 
 -92 
 -89 
 -75 
 -62 
 -53 
 -48 
 -44 
 -40 
 -37 
 -31 
 -19 
   2 
  27 
  58 
  87 
 112 
 125 
 121 
 106 
  75 
  39 
  -2 
 -43 
 -73 
 -94 
-100 
 -93 
 -71 
 -42 
 -15 
  16 
  38 
  51 
  54 
  51 
  42 
  24 
   1 
 -16 
 -35 
 -52 
 -64 
 -62 
 -57 
 -37 
 -12 
  19 
  52 
  85 
 114 
 127 
 127 
 123 
  93 
  57 
  14 
 -28 
 -62 
 -87 
 -97 
 -91 
 -77 
 -51 
 -27 
 -11 
  -5 
  -9 
 -22 
 -45 
 -72 
 -90 
-102 
 -93 
 -74 
 -49 
 -14 
  14 
  40 
  52 
  54 
  44 
  22 
   8 
  -6 
 -11 
  -4 
  14 
  38 
  62 
  88 
 102 
 103 
  88 
  65 
  37 
  12 
  -8 
 -19 
 -20 
 -10 
   7 
  22 
  32 
  37 
  26 
   9 
 -20 
 -47 
 -73 
 -94 
-100 
 -98 
 -81 
 -57 
 -35 
 -15 
  -4 
  -5 
 -10 
 -26 
 -46 
 -65 
 -69 
 -65 
 -49 
 -21 
  16 
  56 
  94 
 127 
 127 
 127 
 127 
 112 
  79 
  38 
  -5 
 -40 
 -67 
 -82 
 -80 
 -69 
 -43 
 -13 
  14 
  37 
  48 
  49 
  38 
  17 
  -8 
 -35 
 -57 
 -76 
 -91 
 -95 
 -93 
 -85 
 -76 
 -65 
 -59 
 -47 
 -32 
 -16 
   1 
  23 
  48 
  70 
  89 
 103 
 110 
 102 
  87 
  65 
  42 
  24 
  12 
   7 
  16 
  29 
  45 
  56 
  63 
  57 
  36 
  11 
 -20 
 -48 
 -71 
 -85 
 -84 
 -74 
 -54 
 -31 
 -18 
 -10 
 -17 
 -29 
 -50 
 -74 
 -91 
-100 
 -94 
 -75 
 -49 
 -19 
   9 
  31 
  40 
  39 
  32 
  13 
  -4 
 -10 
  -8 
   1 
  21 
  48 
  77 
  94 
 108 
 108 
  94 
  77 
  51 
  24 
   8 
   2 
   3 
  10 
  26 
  38 
  45 
  44 
  30 
  10 
 -18 
 -47 
 -76 
-104 
-122 
-128 
-127 
-118 
-106 
 -93 
 -76 
 -59 
 -39 
 -25 
  -8 
   6 
  22 
  40 
  54 
  69 
  82 
  88 
 100 
  99 
 101 
  96 
  83 
  67 
  41 
  20 
  -6 
 -30 
 -50 
 -64 
 -65 
 -57 
 -39 
 -18 
   5 
  31 
  50 
  54 
  56 
  39 
  18 
 -13 
 -44 
 -69 
 -91 
-104 
-105 
 -97 
 -82 
 -64 
 -48 
 -32 
 -20 
  -6 
   3 
  14 
  28 
  43 
  61 
  73 
  89 
  96 
  94 
  91 
  76 
  56 
  37 
  16 
  -4 
 -22 
 -35 
 -46 
 -54 
 -61 
 -71 
 -78 
 -87 
 -87 
 -82 
 -68 
 -45 
 -13 
  22 
  66 
  97 
 120 
 127 
 123 
  96 
  62 
  24 
 -17 
 -46 
 -64 
 -69 
 -57 
 -34 
  -4 
  22 
  34 
  37 
  25 
  -5 
 -37 
 -69 
 -95 
-102 
 -94 
 -69 
 -34 
  11 
  51 
  80 
  89 
  89 
  70 
  31 
 -10 
 -48 
 -81 
 -95 
 -99 
 -84 
 -55 
 -25 
   4 
  29 
  43 
  42 
  37 
  23 
   5 
  -6 
 -10 
  -3 
  11 
  29 
  51 
  77 
  91 
 104 
 107 
  98 
  87 
  67 
  48 
  30 
  11 
  -8 
 -27 
 -43 
 -62 
 -75 
 -86 
 -99 
-107 
-110 
-103 
 -96 
 -84 
 -70 
 -58 
 -42 
 -28 
 -15 
  -2 
  16 
  30 
  50 
  68 
  80 
  83 
  76 
  60 
  31 
   3 
 -31 
 -60 
 -74 
 -75 
 -62 
 -36 
   1 
  45 
  78 
 104 
 111 
  96 
  68 
  36 
   0 
 -31 
 -46 
 -49 
 -36 
 -12 
  18 
  44 
  60 
  60 
  42 
   9 
 -29 
 -65 
 -98 
-111 
-104 
 -79 
 -39 
  12 
  55 
  89 
 107 
  98 
  81 
  44 
   1 
 -43 
 -75 
 -95 
 -95 
 -82 
 -53 
 -23 
   3 
  18 
  25 
  14 
  -4 
 -27 
 -53 
 -67 
 -68 
 -59 
 -38 
 -10 
  23 
  53 
  78 
  91 
  93 
  88 
  75 
  66 
  51 
  44 
  44 
  41 
  38 
  31 
  16 
  -4 
 -30 
 -61 
 -94 
-118 
-128 
-124 
-106 
 -73 
 -33 
  12 
  53 
  87 
 101 
 107 
  97 
  73 
  45 
  21 
  -2 
 -15 
 -16 
 -14 
  -2 
  14 
  21 
  26 
  22 
   7 
 -11 
 -31 
 -54 
 -73 
 -92 
-102 
-104 
 -97 
 -84 
 -78 
 -63 
 -46 
 -31 
 -12 
   7 
  25 
  44 
  59 
  77 
  85 
  95 
  97 
  93 
  91 
  79 
  66 
  53 
  41 
  27 
  11 
  -6 
 -20 
 -40 
 -55 
 -70 
 -82 
 -85 
 -77 
 -56 
 -33 
  -3 
  25 
  50 
  72 
  73 
  63 
  43 
  10 
 -26 
 -63 
 -87 
 -98 
 -88 
 -62 
 -26 
  18 
  61 
  93 
 112 
 106 
  88 
  47 
   2 
 -45 
 -83 
-105 
-106 
 -90 
 -58 
 -20 
  22 
  56 
  74 
  75 
  64 
  38 
   0 
 -34 
 -68 
 -91 
 -98 
 -95 
 -79 
 -53 
 -34 
 -13 
   3 
  16 
  25 
  34 
  42 
  50 
  62 
  73 
  90 
  98 
  97 
  89 
  73 
  48 
  18 
  -9 
 -31 
 -45 
 -48 
 -39 
 -26 
  -7 
   7 
  11 
   9 
  -6 
 -29 
 -57 
 -83 
-100 
-107 
 -96 
 -72 
 -40 
  -1 
  36 
  65 
  82 
  77 
  61 
  34 
  -4 
 -39 
 -73 
 -91 
 -96 
 -82 
 -57 
 -27 
  11 
  45 
  72 
  96 
 102 
 104 
  96 
  79 
  59 
  34 
  10 
 -13 
 -37 
 -52 
 -69 
 -81 
 -83 
 -81 
 -70 
 -53 
 -28 
  -2 
  27 
  56 
  77 
  92 
  94 
  84 
  67 
  39 
  11 
 -21 
 -49 
 -72 
 -86 
 -92 
 -84 
 -71 
 -49 
 -21 
   3 
  26 
  46 
  67 
  79 
  88 
  91 
  84 
  75 
  57 
  35 
   9 
 -19 
 -49 
 -77 
 -94 
-104 
-101 
 -82 
 -59 
 -25 
  10 
  43 
  70 
  79 
  76 
  52 
  17 
 -24 
 -64 
 -95 
-113 
-111 
 -90 
 -58 
 -21 
  15 
  47 
  65 
  69 
  58 
  35 
   9 
 -14 
 -25 
 -24 
  -9 
  19 
  53 
  81 
 102 
 108 
  94 
  72 
  38 
   4 
 -26 
 -42 
 -43 
 -33 
 -13 
  14 
  34 
  48 
  42 
  23 
  -8 
 -43 
 -77 
-105 
-116 
-109 
 -86 
 -45 
  -5 
  31 
  59 
  72 
  67 
  46 
  15 
 -17 
 -50 
 -77 
 -88 
 -96 
 -91 
 -75 
 -57 
 -41 
 -27 
 -15 
  -5 
   7 
  21 
  33 
  53 
  70 
  85 
 101 
 112 
 113 
 104 
  94 
  76 
  59 
  43 
  29 
  20 
   6 
  -7 
 -20 
 -35 
 -55 
 -76 
 -91 
 -97 
 -89 
 -70 
 -44 
 -13 
  23 
  52 
  70 
  71 
  55 
  25 
 -14 
 -55 
 -88 
-111 
-114 
-100 
 -67 
 -35 
  -1 
  29 
  42 
  42 
  30 
   8 
 -18 
 -38 
 -48 
 -44 
 -25 
   7 
  42 
  77 
 100 
 111 
 106 
  85 
  50 
   8 
 -26 
 -55 
 -71 
 -68 
 -56 
 -31 
   0 
  34 
  63 
  84 
  93 
  93 
  80 
  59 
  29 
   1 
 -33 
 -60 
 -82 
-103 
-112 
-112 
 -99 
 -78 
 -54 
 -22 
   7 
  33 
  54 
  59 
  57 
  44 
  21 
  -8 
 -34 
 -57 
 -69 
 -70 
 -59 
 -39 
 -13 
  17 
  45 
  67 
  82 
  91 
  92 
  81 
  74 
  57 
  49 
  37 
  26 
  17 
   5 
  -7 
 -26 
 -45 
 -63 
 -87 
-106 
-119 
-118 
-109 
 -91 
 -64 
 -28 
  10 
  46 
  76 
  97 
  99 
  88 
  65 
  31 
  -5 
 -41 
 -67 
 -80 
 -76 
 -59 
 -28 
  13 
  52 
  86 
 110 
 114 
 102 
  81 
  48 
  13 
 -16 
 -34 
 -41 
 -34 
 -15 
   6 
  25 
  38 
  37 
  26 
   2 
 -30 
 -62 
 -90 
-101 
-103 
 -84 
 -56 
 -26 
   2 
  23 
  28 
  22 
   2 
 -25 
 -48 
 -63 
 -62 
 -52 
 -25 
   9 
  48 
  79 
 102 
 106 
  91 
  62 
  22 
 -22 
 -60 
 -82 
 -88 
 -77 
 -51 
 -17 
  21 
  50 
  78 
  91 
  91 
  82 
  65 
  46 
  33 
  24 
  18 
  16 
  18 
  11 
  -1 
 -17 
 -40 
 -67 
 -91 
-110 
-120 
-114 
 -93 
 -69 
 -35 
   4 
  42 
  71 
  91 
  98 
  93 
  78 
  57 
  29 
   2 
 -21 
 -41 
 -55 
 -66 
 -77 
 -75 
 -68 
 -57 
 -41 
 -24 
   2 
  29 
  56 
  77 
  94 
  96 
  88 
  72 
  42 
   9 
 -31 
 -59 
 -86 
-102 
-106 
 -98 
 -77 
 -53 
 -27 
  -2 
  20 
  35 
  50 
  57 
  65 
  69 
  74 
  76 
  77 
  80 
  74 
  64 
  51 
  27 
   6 
 -21 
 -43 
 -60 
 -75 
 -76 
 -72 
 -59 
 -41 
 -29 
 -19 
 -15 
 -20 
 -28 
 -43 
 -58 
 -72 
 -73 
 -67 
 -52 
 -27 
   7 
  43 
  79 
 109 
 127 
 127 
 121 
  94 
  63 
  24 
 -13 
 -46 
 -71 
 -81 
 -85 
 -75 
 -53 
 -27 
  -2 
  21 
  38 
  44 
  42 
  31 
  13 
  -9 
 -30 
 -55 
 -74 
 -87 
 -93 
 -87 
 -74 
 -52 
 -26 
   6 
  42 
  74 
  97 
 118 
 118 
 109 
  87 
  58 
  27 
 -10 
 -39 
 -59 
 -69 
 -65 
 -49 
 -19 
  12 
  43 
  67 
  80 
  81 
  67 
  41 
  11 
 -21 
 -47 
 -65 
 -80 
 -84 
 -79 
 -70 
 -59 
 -51 
 -46 
 -46 
 -42 
 -34 
 -27 
 -12 
   8 
  32 
  61 
  80 
  96 
  96 
  82 
  56 
  18 
 -20 
 -54 
 -80 
 -86 
 -75 
 -54 
 -19 
  23 
  61 
  85 
 100 
  92 
  67 
  33 
  -8 
 -48 
 -80 
 -91 
 -90 
 -76 
 -45 
  -6 
  28 
  62 
  81 
  89 
  86 
  71 
  50 
  24 
   4 
 -10 
 -23 
 -26 
 -30 
 -33 
 -35 
 -43 
 -55 
 -70 
 -83 
 -93 
 -93 
 -82 
 -64 
 -35 
   7 
  41 
  84 
 114 
 127 
 127 
 121 
  97 
  59 
  20 
 -17 
 -44 
 -60 
 -67 
 -55 
 -36 
 -15 
   3 
  12 
  15 
   7 
 -12 
 -40 
 -62 
 -78 
 -88 
 -81 
 -61 
 -34 
  -3 
  32 
  58 
  73 
  78 
  74 
  56 
  27 
   0 
 -31 
 -51 
 -63 
 -65 
 -53 
 -31 
  -2 
  30 
  60 
  93 
 113 
 125 
 125 
 110 
  87 
  52 
  17 
 -22 
 -57 
 -80 
 -98 
 -99 
 -90 
 -72 
 -48 
 -26 
  -9 
   0 
  -3 
 -12 
 -35 
 -57 
 -75 
 -82 
 -74 
 -57 
 -30 
   5 
  39 
  67 
  83 
  87 
  72 
  41 
  10 
 -28 
 -59 
 -76 
 -77 
 -65 
 -42 
  -9 
  24 
  55 
  76 
  91 
  94 
  88 
  78 
  63 
  56 
  54 
  50 
  40 
  40 
  26 
   7 
 -17 
 -43 
 -67 
 -86 
 -97 
 -95 
 -82 
 -59 
 -38 
 -19 
  -8 
  -3 
 -10 
 -31 
 -49 
 -68 
 -76 
 -71 
 -56 
 -26 
  12 
  52 
  91 
 115 
 126 
 124 
 105 
  73 
  37 
   1 
 -31 
 -55 
 -70 
 -79 
 -79 
 -72 
 -64 
 -54 
 -42 
 -34 
 -26 
 -11 
   2 
  21 
  36 
  57 
  74 
  85 
  94 
  97 
  93 
  83 
  71 
  58 
  44 
  27 
  15 
  -2 
 -21 
 -40 
 -61 
 -77 
 -95 
-106 
-112 
-107 
 -92 
 -75 
 -55 
 -35 
 -18 
  -4 
   3 
   3 
  -7 
 -15 
 -23 
 -22 
 -17 
  -4 
  17 
  39 
  67 
  87 
 104 
 108 
 104 
  89 
  73 
  55 
  33 
  17 
   0 
 -10 
 -20 
 -31 
 -42 
 -55 
 -71 
 -88 
 -99 
-100 
 -97 
 -79 
 -51 
 -16 
  22 
  58 
  90 
 110 
 114 
 101 
  73 
  40 
   2 
 -29 
 -54 
 -72 
 -73 
 -65 
 -43 
 -18 
   8 
  32 
  50 
  59 
  56 
  46 
  29 
   8 
 -17 
 -43 
 -64 
 -84 
 -99 
-105 
-104 
 -86 
 -58 
 -30 
   9 
  46 
  81 
 104 
 113 
 110 
  91 
  62 
  32 
  -3 
 -29 
 -46 
 -47 
 -42 
 -24 
   2 
  31 
  58 
  75 
  83 
  85 
  73 
  57 
  36 
  15 
  -5 
 -22 
 -37 
 -53 
 -67 
 -75 
 -88 
 -95 
-102 
-108 
-102 
 -89 
 -71 
 -49 
 -27 
  -4 
  13 
  27 
  33 
  28 
  21 
  14 
   9 
  10 
  18 
  32 
  47 
  69 
  88 
 100 
 106 
 101 
  94 
  75 
  56 
  32 
  12 
  -2 
 -18 
 -33 
 -44 
 -53 
 -62 
 -76 
 -84 
 -90 
 -85 
 -72 
 -51 
 -28 
   4 
  31 
  54 
  62 
  58 
  44 
  12 
 -21 
 -55 
 -82 
 -96 
 -90 
 -71 
 -41 
  -2 
  42 
  77 
 104 
 119 
 120 
 107 
  81 
  52 
  16 
 -10 
 -32 
 -49 
 -57 
 -67 
 -74 
 -75 
 -75 
 -72 
 -74 
 -70 
 -60 
 -47 
 -28 
  -8 
  17 
  40 
  58 
  75 
  85 
  86 
  85 
  76 
  69 
  57 
  53 
  45 
  34 
  21 
   6 
 -12 
 -31 
 -53 
 -70 
 -86 
 -95 
 -95 
 -84 
 -64 
 -40 
 -10 
  18 
  42 
  56 
  57 
  47 
  27 
  -1 
 -31 
 -63 
 -82 
 -92 
 -85 
 -64 
 -36 
   1 
  40 
  78 
 110 
 124 
 127 
 120 
  96 
  69 
  34 
   4 
 -22 
 -42 
 -52 
 -61 
 -60 
 -59 
 -58 
 -57 
 -57 
 -61 
 -63 
 -58 
 -48 
 -34 
 -12 
  12 
  38 
  65 
  82 
  94 
  89 
  71 
  42 
  11 
 -22 
 -52 
 -71 
 -74 
 -63 
 -42 
 -12 
  24 
  59 
  83 
  95 
  92 
  71 
  41 
   1 
 -36 
 -69 
 -89 
 -93 
 -86 
 -61 
 -30 
   6 
  44 
  69 
  82 
  81 
  65 
  34 
  -4 
 -40 
 -71 
 -94 
-104 
 -97 
 -77 
 -46 
  -8 
  31 
  65 
  83 
  86 
  72 
  46 
   9 
 -32 
 -67 
 -90 
-100 
 -91 
 -67 
 -29 
  14 
  59 
  91 
 109 
 109 
  89 
  61 
  27 
  -5 
 -31 
 -39 
 -31 
 -17 
   7 
  37 
  55 
  64 
  57 
  36 
   2 
 -34 
 -69 
 -94 
-103 
 -93 
 -69 
 -31 
  13 
  48 
  72 
  83 
  79 
  54 
  23 
 -11 
 -46 
 -73 
 -89 
 -93 
 -86 
 -69 
 -51 
 -35 
 -23 
 -15 
 -11 
  -4 
   4 
  12 
  26 
  46 
  65 
  86 
 100 
 104 
  94 
  76 
  46 
  11 
 -21 
 -46 
 -60 
 -64 
 -52 
 -27 
   3 
  36 
  65 
  84 
  89 
  81 
  60 
  28 
  -9 
 -46 
 -77 
-106 
-123 
-128 
-122 
-106 
 -83 
 -54 
 -23 
   6 
  29 
  45 
  57 
  54 
  47 
  35 
  19 
   7 
   1 
   0 
   8 
  22 
  37 
  55 
  73 
  74 
  67 
  45 
  17 
 -18 
 -54 
 -84 
-113 
-127 
-124 
-105 
 -74 
 -42 
  -4 
  31 
  56 
  77 
  83 
  82 
  76 
  65 
  55 
  44 
  41 
  37 
  32 
  27 
  16 
   0 
 -17 
 -39 
 -61 
 -81 
 -92 
 -93 
 -82 
 -58 
 -30 
   3 
  33 
  56 
  68 
  70 
  59 
  33 
   2 
 -30 
 -62 
 -82 
 -89 
 -81 
 -59 
 -27 
  10 
  47 
  82 
 108 
 120 
 123 
 111 
  85 
  59 
  29 
   0 
 -24 
 -41 
 -52 
 -64 
 -68 
 -71 
 -72 
 -72 
 -75 
 -78 
 -77 
 -66 
 -52 
 -34 
 -10 
  15 
  39 
  63 
  75 
  81 
  71 
  58 
  40 
  21 
   5 
  -1 
  -2 
   5 
  22 
  38 
  51 
  61 
  57 
  42 
  16 
 -18 
 -56 
 -91 
-117 
-128 
-128 
-115 
 -86 
 -50 
  -9 
  30 
  58 
  79 
  90 
  88 
  79 
  65 
  50 
  36 
  30 
  26 
  21 
  22 
  13 
   1 
 -16 
 -35 
 -59 
 -80 
 -93 
 -96 
 -84 
 -62 
 -30 
   4 
  39 
  64 
  80 
  81 
  68 
  42 
   9 
 -25 
 -56 
 -79 
 -86 
 -75 
 -50 
 -20 
  19 
  54 
  80 
  96 
  96 
  86 
  61 
  24 
 -12 
 -46 
 -72 
 -86 
 -80 
 -61 
 -30 
   4 
  43 
  73 
  93 
  98 
  88 
  60 
  20 
 -20 
 -64 
 -95 
-109 
-104 
 -85 
 -48 
  -9 
  29 
  60 
  79 
  77 
  64 
  33 
  -4 
 -45 
 -82 
-104 
-113 
-101 
 -76 
 -46 
 -10 
  20 
  41 
  50 
  49 
  40 
  25 
  10 
   0 
  -3 
   6 
  18 
  39 
  58 
  79 
  92 
  97 
  90 
  75 
  56 
  35 
  14 
  -7 
 -24 
 -37 
 -50 
 -62 
 -69 
 -81 
 -91 
 -99 
 -99 
 -91 
 -75 
 -59 
 -38 
 -18 
   4 
  17 
  23 
  20 
  11 
   0 
 -10 
 -13 
  -8 
   8 
  29 
  59 
  90 
 114 
 127 
 123 
 102 
  72 
  31 
 -17 
 -58 
 -92 
-118 
-124 
-115 
 -92 
 -63 
 -30 
  -1 
  19 
  31 
  33 
  25 
  16 
   4 
  -6 
  -8 
  -5 
   6 
  24 
  42 
  60 
  74 
  88 
  93 
  86 
  74 
  50 
  24 
  -1 
 -34 
 -68 
 -91 
-112 
-118 
-113 
 -93 
 -68 
 -36 
   2 
  35 
  60 
  73 
  70 
  53 
  23 
 -10 
 -49 
 -80 
 -98 
-100 
 -87 
 -58 
 -25 
  12 
  43 
  66 
  78 
  74 
  58 
  35 
  11 
  -7 
 -20 
 -12 
   3 
  26 
  51 
  73 
  88 
  85 
  69 
  44 
   9 
 -27 
 -60 
 -82 
 -89 
 -85 
 -63 
 -29 
   7 
  38 
  65 
  79 
  76 
  61 
  34 
   3 
 -31 
 -62 
 -89 
-105 
-111 
-105 
 -90 
 -64 
 -38 
  -8 
  19 
  43 
  63 
  77 
  86 
  82 
  71 
  52 
  28 
   4 
 -23 
 -41 
 -52 
 -52 
 -45 
 -26 
   1 
  31 
  60 
  78 
  87 
  82 
  63 
  36 
   0 
 -40 
 -75 
-108 
-127 
-128 
-125 
-107 
 -73 
 -38 
  -4 
  26 
  43 
  57 
  64 
  62 
  57 
  51 
  52 
  54 
  61 
  68 
  69 
  66 
  52 
  30 
   2 
 -28 
 -61 
 -83 
 -94 
 -86 
 -64 
 -28 
  14 
  52 
  80 
  97 
  91 
  69 
  35 
  -4 
 -45 
 -77 
 -93 
 -98 
 -85 
 -55 
 -27 
  -3 
  13 
  16 
   4 
 -16 
 -41 
 -67 
 -83 
 -80 
 -68 
 -43 
 -10 
  20 
  47 
  66 
  69 
  61 
  45 
  24 
   4 
  -7 
  -5 
   7 
  27 
  52 
  78 
  94 
 100 
  91 
  69 
  39 
  10 
 -18 
 -34 
 -42 
 -41 
 -28 
 -12 
   3 
  13 
  11 
   1 
 -21 
 -51 
 -83 
-113 
-128 
-128 
-128 
-111 
 -80 
 -40 
   3 
  47 
  82 
 102 
 111 
 106 
  88 
  63 
  32 
   4 
 -23 
 -37 
 -43 
 -38 
 -22 
  -1 
  26 
  50 
  72 
  85 
  89 
  81 
  67 
  43 
  20 
  -3 
 -20 
 -39 
 -53 
 -66 
 -73 
 -77 
 -80 
 -82 
 -83 
 -79 
 -68 
 -57 
 -40 
 -18 
   5 
  28 
  46 
  55 
  57 
  57 
  41 
  30 
  17 
  13 
  16 
  24 
  40 
  62 
  80 
  92 
  98 
  85 
  63 
  30 
 -12 
 -52 
 -92 
-121 
-128 
-128 
-117 
 -91 
 -56 
 -20 
  13 
  36 
  51 
  58 
  51 
  37 
  23 
   3 
  -8 
 -12 
 -10 
   2 
  18 
  35 
  53 
  68 
  66 
  59 
  38 
  10 
 -24 
 -58 
 -88 
-115 
-128 
-126 
-107 
 -76 
 -42 
  -4 
  32 
  60 
  83 
  88 
  89 
  80 
  67 
  57 
  48 
  45 
  43 
  43 
  40 
  35 
  17 
  -2 
 -29 
 -55 
 -80 
 -92 
 -96 
 -82 
 -54 
 -20 
  20 
  52 
  72 
  82 
  73 
  51 
  14 
 -25 
 -59 
 -88 
-104 
 -98 
 -80 
 -53 
 -21 
   6 
  26 
  33 
  30 
  17 
  -2 
 -23 
 -38 
 -39 
 -30 
 -12 
  17 
  47 
  78 
 100 
 116 
 116 
 101 
  79 
  48 
  16 
 -19 
 -47 
 -72 
 -87 
 -95 
 -93 
 -81 
 -63 
 -39 
 -15 
  10 
  35 
  58 
  74 
  85 
  83 
  74 
  54 
  30 
   1 
 -29 
 -53 
 -75 
 -86 
 -95 
 -93 
 -83 
 -71 
 -56 
 -42 
 -30 
 -17 
  -4 
   7 
  18 
  32 
  46 
  62 
  78 
  90 
  96 
  90 
  80 
  58 
  33 
   3 
 -26 
 -56 
 -82 
 -97 
-103 
 -93 
 -74 
 -50 
 -21 
  13 
  40 
  65 
  82 
  87 
  82 
  68 
  46 
  16 
 -12 
 -38 
 -58 
 -75 
 -86 
 -92 
 -88 
 -77 
 -62 
 -46 
 -32 
 -13 
   4 
  25 
  43 
  58 
  76 
  86 
  96 
  99 
  99 
  92 
  81 
  65 
  50 
  34 
  20 
   1 
 -14 
 -29 
 -46 
 -60 
 -74 
 -86 
 -98 
-105 
-102 
 -93 
 -75 
 -50 
 -24 
   2 
  20 
  33 
  34 
  28 
  18 
   0 
 -14 
 -22 
 -17 
  -6 
  16 
  44 
  67 
  87 
  97 
  89 
  66 
  33 
  -8 
 -51 
 -81 
-102 
 -98 
 -82 
 -52 
  -8 
  34 
  73 
  95 
  96 
  79 
  48 
   7 
 -36 
 -71 
 -92 
 -98 
 -82 
 -56 
 -18 
  20 
  61 
  85 
  98 
  96 
  78 
  55 
  29 
   5 
 -16 
 -27 
 -30 
 -32 
 -34 
 -31 
 -36 
 -42 
 -55 
 -69 
 -79 
 -78 
 -69 
 -51 
 -22 
  15 
  51 
  85 
 111 
 124 
 120 
 103 
  71 
  37 
   0 
 -32 
 -57 
 -77 
 -83 
 -85 
 -81 
 -71 
 -61 
 -56 
 -49 
 -47 
 -46 
 -35 
 -23 
  -7 
  16 
  42 
  65 
  84 
  92 
  91 
  76 
  54 
  26 
   0 
 -16 
 -21 
 -16 
  -4 
  15 
  34 
  49 
  52 
  43 
  22 
 -12 
 -49 
 -80 
-106 
-117 
-107 
 -78 
 -36 
   8 
  54 
  87 
 100 
  99 
  74 
  38 
  -3 
 -46 
 -77 
 -93 
 -92 
 -71 
 -37 
   5 
  46 
  79 
  99 
 101 
  86 
  55 
  23 
 -15 
 -43 
 -67 
 -79 
 -82 
 -71 
 -57 
 -43 
 -32 
 -25 
 -24 
 -26 
 -20 
 -16 
  -7 
  13 
  33 
  59 
  80 
  96 
  99 
  86 
  65 
  26 
 -10 
 -48 
 -77 
 -92 
 -93 
 -72 
 -40 
   0 
  42 
  73 
  93 
  91 
  72 
  38 
  -8 
 -52 
 -88 
-109 
-114 
 -99 
 -69 
 -24 
  19 
  58 
  87 
 100 
  90 
  68 
  40 
   7 
 -21 
 -36 
 -37 
 -28 
  -7 
  18 
  41 
  55 
  59 
  45 
  22 
  -9 
 -46 
 -73 
 -94 
-100 
 -91 
 -64 
 -30 
   7 
  42 
  68 
  81 
  80 
  60 
  35 
  -1 
 -35 
 -65 
 -85 
 -96 
 -92 
 -74 
 -49 
 -20 
   9 
  38 
  61 
  81 
  92 
  95 
  91 
  79 
  63 
  41 
  18 
  -8 
 -32 
 -53 
 -73 
 -86 
 -92 
 -85 
 -72 
 -52 
 -29 
   1 
  32 
  58 
  77 
  90 
  89 
  78 
  60 
  31 
   2 
 -29 
 -54 
 -72 
 -87 
 -91 
 -87 
 -71 
 -53 
 -32 
  -7 
  16 
  39 
  60 
  78 
  90 
  97 
  95 
  84 
  66 
  43 
  14 
 -18 
 -49 
 -76 
 -92 
 -94 
 -84 
 -58 
 -29 
   8 
  42 
  69 
  83 
  80 
  63 
  32 
  -5 
 -46 
 -82 
-103 
-109 
 -97 
 -71 
 -39 
  -5 
  24 
  41 
  46 
  34 
  16 
 -10 
 -33 
 -45 
 -48 
 -37 
 -11 
  22 
  57 
  84 
 101 
  99 
  79 
  49 
   6 
 -35 
 -69 
 -87 
 -88 
 -76 
 -50 
 -11 
  29 
  63 
  87 
  98 
  92 
  75 
  52 
  23 
   0 
 -13 
 -21 
 -24 
 -23 
 -21 
 -26 
 -34 
 -49 
 -69 
 -86 
 -98 
 -99 
 -86 
 -66 
 -31 
  12 
  54 
  94 
 115 
 127 
 125 
  99 
  69 
  31 
  -2 
 -33 
 -52 
 -60 
 -64 
 -59 
 -54 
 -50 
 -49 
 -55 
 -62 
 -66 
 -65 
 -58 
 -39 
 -13 
  16 
  46 
  77 
  93 
  99 
  90 
  66 
  32 
   4 
 -25 
 -48 
 -56 
 -51 
 -33 
  -6 
  20 
  46 
  71 
  85 
  94 
  93 
  81 
  69 
  53 
  38 
  25 
   7 
  -6 
 -26 
 -42 
 -61 
 -76 
 -88 
-101 
-110 
-110 
-102 
 -92 
 -81 
 -67 
 -54 
 -42 
 -26 
 -13 
   2 
  17 
  36 
  58 
  77 
  91 
  89 
  83 
  63 
  35 
   6 
 -28 
 -53 
 -64 
 -64 
 -48 
 -17 
  18 
  57 
  86 
 106 
 109 
  94 
  68 
  38 
   9 
 -18 
 -33 
 -33 
 -25 
  -7 
  13 
  28 
  38 
  30 
  13 
 -15 
 -47 
 -73 
-101 
-113 
-113 
-101 
 -80 
 -55 
 -38 
 -22 
  -8 
   0 
   3 
   8 
  18 
  32 
  53 
  72 
  92 
 103 
 105 
  95 
  68 
  36 
  -5 
 -47 
 -82 
-108 
-121 
-114 
 -93 
 -64 
 -33 
  -3 
  21 
  38 
  48 
  48 
  47 
  47 
  46 
  50 
  55 
  64 
  73 
  72 
  62 
  44 
  19 
 -15 
 -43 
 -68 
 -88 
 -96 
 -85 
 -62 
 -30 
   4 
  38 
  61 
  70 
  67 
  47 
  19 
 -13 
 -50 
 -77 
 -98 
-107 
-102 
 -82 
 -55 
 -25 
   8 
  34 
  60 
  76 
  83 
  90 
  86 
  75 
  65 
  44 
  23 
  -1 
 -23 
 -49 
 -73 
 -90 
 -98 
 -94 
 -78 
 -56 
 -27 
   6 
  38 
  67 
  84 
  90 
  85 
  64 
  39 
   8 
 -27 
 -52 
 -64 
 -66 
 -57 
 -40 
  -9 
  21 
  52 
  74 
  88 
  89 
  79 
  60 
  29 
  -2 
 -29 
 -62 
 -82 
 -97 
-104 
 -99 
 -85 
 -62 
 -39 
 -13 
  12 
  39 
  58 
  74 
  82 
  85 
  78 
  68 
  46 
  25 
  -1 
 -26 
 -51 
 -73 
 -86 
 -89 
 -81 
 -63 
 -39 
  -8 
  25 
  57 
  77 
  94 
 101 
  97 
  78 
  56 
  25 
  -1 
 -28 
 -51 
 -67 
 -78 
 -86 
 -84 
 -79 
 -72 
 -69 
 -62 
 -52 
 -40 
 -24 
 -11 
  11 
  34 
  52 
  73 
  83 
  93 
  94 
  87 
  79 
  63 
  46 
  36 
  22 
   9 
  -1 
 -16 
 -29 
 -45 
 -59 
 -76 
 -87 
 -96 
 -91 
 -80 
 -57 
 -27 
   7 
  39 
  74 
  97 
 107 
 107 
  91 
  65 
  36 
   5 
 -21 
 -43 
 -59 
 -68 
 -68 
 -67 
 -58 
 -56 
 -53 
 -54 
 -54 
 -51 
 -43 
 -30 
 -11 
  13 
  40 
  64 
  86 
 102 
 104 
  96 
  75 
  51 
  21 
 -14 
 -43 
 -64 
 -81 
 -91 
 -89 
 -80 
 -59 
 -38 
 -14 
  11 
  35 
  58 
  78 
  89 
  91 
  85 
  65 
  47 
  20 
 -12 
 -40 
 -65 
 -86 
 -93 
 -90 
 -73 
 -49 
 -20 
  12 
  37 
  54 
  60 
  58 
  36 
  11 
 -18 
 -49 
 -72 
 -90 
 -94 
 -84 
 -62 
 -31 
   3 
  41 
  75 
 104 
 116 
 123 
 117 
  95 
  69 
  39 
  11 
 -11 
 -32 
 -45 
 -52 
 -56 
 -57 
 -56 
 -54 
 -58 
 -61 
 -63 
 -60 
 -53 
 -39 
 -20 
   5 
  34 
  57 
  80 
  90 
  86 
  66 
  36 
   1 
 -37 
 -71 
 -86 
 -92 
 -78 
 -50 
 -10 
  30 
  67 
  91 
 100 
  87 
  58 
  17 
 -25 
 -63 
 -91 
-100 
 -92 
 -66 
 -33 
   5 
  42 
  73 
  81 
  87 
  77 
  52 
  29 
   5 
 -11 
 -16 
 -14 
   0 
  15 
  32 
  43 
  47 
  44 
  27 
   2 
 -28 
 -56 
 -84 
-108 
-124 
-127 
-117 
-100 
 -70 
 -39 
  -2 
  31 
  63 
  85 
  95 
  92 
  74 
  50 
  18 
 -13 
 -41 
 -57 
 -62 
 -57 
 -35 
  -6 
  27 
  63 
  86 
 101 
 102 
  88 
  62 
  36 
   9 
 -15 
 -29 
 -31 
 -26 
 -18 
   0 
  14 
  20 
  16 
   5 
 -18 
 -43 
 -73 
-100 
-117 
-124 
-118 
 -95 
 -65 
 -32 
   4 
  41 
  69 
  89 
 101 
 101 
  87 
  69 
  35 
   9 
 -21 
 -44 
 -59 
 -67 
 -58 
 -42 
 -18 
  13 
  45 
  68 
  84 
  88 
  75 
  55 
  21 
 -14 
 -45 
 -70 
 -84 
 -84 
 -69 
 -38 
  -2 
  34 
  65 
  87 
  88 
  77 
  52 
  20 
 -16 
 -55 
 -78 
 -97 
-102 
 -94 
 -71 
 -48 
 -21 
   6 
  31 
  49 
  63 
  72 
  77 
  78 
  68 
  57 
  41 
  19 
  -6 
 -35 
 -62 
 -91 
-113 
-125 
-115 
-102 
 -72 
 -35 
   6 
  41 
  69 
  79 
  81 
  66 
  41 
  13 
 -12 
 -25 
 -27 
 -16 
   9 
  41 
  69 
  87 
  92 
  83 
  51 
  14 
 -26 
 -64 
 -91 
 -99 
 -88 
 -63 
 -20 
  27 
  67 
  97 
 109 
  99 
  75 
  43 
   2 
 -32 
 -55 
 -64 
 -62 
 -49 
 -25 
  -6 
   8 
   8 
   3 
 -19 
 -46 
 -66 
 -90 
-102 
-100 
 -91 
 -70 
 -49 
 -25 
  -5 
   5 
  20 
  24 
  32 
  44 
  53 
  69 
  83 
  96 
 101 
  94 
  76 
  52 
  21 
 -10 
 -39 
 -57 
 -68 
 -57 
 -34 
  -4 
  30 
  62 
  85 
  94 
  86 
  69 
  38 
   7 
 -22 
 -49 
 -64 
 -69 
 -72 
 -66 
 -62 
 -55 
 -57 
 -62 
 -67 
 -69 
 -63 
 -51 
 -30 
   0 
  32 
  69 
 100 
 118 
 126 
 115 
  91 
  58 
  22 
 -20 
 -54 
 -76 
 -92 
 -95 
 -86 
 -70 
 -50 
 -31 
 -16 
  -8 
  -8 
  -2 
  -2 
   4 
  11 
  27 
  48 
  69 
  85 
  94 
  92 
  75 
  50 
  15 
 -27 
 -62 
 -94 
-113 
-124 
-113 
 -91 
 -61 
 -29 
   1 
  30 
  48 
  59 
  66 
  66 
  65 
  66 
  65 
  70 
  76 
  78 
  70 
  62 
  38 
  10 
 -19 
 -49 
 -69 
 -84 
 -89 
 -77 
 -59 
 -33 
 -13 
  -2 
   4 
  -4 
 -22 
 -47 
 -69 
 -83 
 -87 
 -75 
 -54 
 -19 
  17 
  52 
  79 
  89 
  81 
  63 
  28 
 -10 
 -41 
 -74 
 -86 
 -81 
 -62 
 -36 
  -5 
  28 
  55 
  76 
  85 
  86 
  82 
  72 
  68 
  62 
  58 
  60 
  56 
  48 
  36 
  16 
  -4 
 -29 
 -55 
 -77 
 -94 
-101 
 -95 
 -86 
 -73 
 -58 
 -46 
 -33 
 -21 
 -13 
  -4 
  10 
  26 
  45 
  69 
  91 
 104 
 109 
 100 
  79 
  43 
   0 
 -44 
 -88 
-120 
-128 
-128 
-107 
 -71 
 -35 
  -3 
  21 
  32 
  27 
  10 
 -13 
 -39 
 -54 
 -59 
 -47 
 -24 
   9 
  44 
  77 
  93 
 102 
  94 
  68 
  41 
  10 
 -11 
 -22 
 -19 
   0 
  25 
  49 
  72 
  78 
  71 
  51 
  18 
 -20 
 -55 
 -84 
-100 
 -97 
 -72 
 -41 
   2 
  39 
  65 
  85 
  79 
  63 
  34 
   0 
 -30 
 -55 
 -72 
 -83 
 -86 
 -78 
 -71 
 -62 
 -60 
 -58 
 -58 
 -54 
 -47 
 -34 
 -15 
  11 
  35 
  59 
  79 
  87 
  84 
  71 
  48 
  26 
  11 
  -2 
   1 
  10 
  29 
  53 
  73 
  77 
  75 
  56 
  24 
 -16 
 -59 
 -97 
-127 
-128 
-128 
-112 
 -76 
 -36 
   7 
  41 
  65 
  83 
  81 
  79 
  73 
  62 
  55 
  50 
  52 
  52 
  53 
  46 
  32 
  12 
 -15 
 -45 
 -70 
 -92 
-101 
 -96 
 -79 
 -50 
 -22 
   5 
  21 
  24 
  16 
  -3 
 -28 
 -50 
 -66 
 -64 
 -53 
 -29 
   8 
  47 
  79 
 102 
 108 
  92 
  57 
  14 
 -34 
 -77 
-103 
-111 
 -99 
 -69 
 -29 
  13 
  49 
  72 
  81 
  72 
  51 
  23 
  -8 
 -27 
 -34 
 -26 
  -5 
  24 
  53 
  78 
  91 
  84 
  67 
  35 
   1 
 -33 
 -58 
 -66 
 -67 
 -52 
 -23 
   4 
  21 
  30 
  25 
   4 
 -26 
 -57 
 -89 
-111 
-114 
 -96 
 -65 
 -20 
  25 
  70 
  98 
 110 
 107 
  78 
  39 
  -5 
 -47 
 -79 
 -93 
 -88 
 -64 
 -24 
  21 
  62 
  91 
 106 
 106 
  87 
  54 
  16 
 -24 
 -57 
 -83 
 -93 
 -83 
 -66 
 -41 
 -14 
   8 
  21 
  26 
  22 
   9 
 -10 
 -28 
 -35 
 -37 
 -30 
 -14 
  11 
  38 
  66 
  89 
 103 
 106 
  95 
  73 
  46 
  11 
 -27 
 -60 
 -88 
-106 
-115 
-108 
 -92 
 -71 
 -44 
 -17 
   8 
  29 
  46 
  54 
  62 
  63 
  55 
  42 
  30 
  11 
 -10 
 -31 
 -53 
 -75 
 -91 
 -98 
 -94 
 -77 
 -50 
 -16 
  23 
  61 
  96 
 122 
 127 
 127 
 108 
  79 
  46 
  14 
 -13 
 -31 
 -36 
 -32 
 -20 
  -7 
  10 
  18 
  13 
  -1 
 -20 
 -46 
 -68 
 -92 
-104 
-100 
 -90 
 -66 
 -43 
 -21 
  -2 
   6 
   8 
  -1 
 -15 
 -28 
 -33 
 -31 
 -22 
  -4 
  20 
  47 
  72 
  93 
 104 
 108 
  99 
  87 
  75 
  63 
  51 
  38 
  30 
  18 
   2 
 -13 
 -32 
 -57 
 -75 
 -90 
 -92 
 -85 
 -62 
 -37 
  -5 
  28 
  49 
  60 
  59 
  42 
  11 
 -27 
 -63 
 -92 
-111 
-111 
 -97 
 -67 
 -29 
  11 
  50 
  80 
  98 
 106 
 108 
  92 
  73 
  52 
  30 
  11 
  -5 
 -22 
 -34 
 -47 
 -57 
 -73 
 -78 
 -84 
 -88 
 -86 
 -77 
 -61 
 -41 
 -22 
  -1 
  20 
  35 
  52 
  63 
  74 
  80 
  81 
  86 
  85 
  82 
  77 
  64 
  51 
  27 
   8 
 -18 
 -40 
 -56 
 -70 
 -73 
 -70 
 -59 
 -45 
 -32 
 -19 
 -12 
 -14 
 -18 
 -32 
 -48 
 -64 
 -66 
 -67 
 -50 
 -24 
  11 
  52 
  91 
 125 
 127 
 127 
 127 
 104 
  65 
  21 
 -23 
 -55 
 -79 
 -84 
 -79 
 -64 
 -38 
 -15 
  -1 
   0 
  -4 
 -19 
 -39 
 -62 
 -74 
 -85 
 -78 
 -62 
 -40 
 -11 
  14 
  37 
  50 
  54 
  50 
  40 
  24 
  14 
   4 
   4 
  13 
  29 
  46 
  69 
  83 
  91 
  87 
  73 
  54 
  30 
   3 
 -23 
 -44 
 -61 
 -74 
 -80 
 -81 
 -83 
 -84 
 -86 
 -85 
 -82 
 -75 
 -63 
 -46 
 -24 
  10 
  42 
  75 
 103 
 119 
 119 
 110 
  83 
  48 
   7 
 -30 
 -61 
 -77 
 -81 
 -66 
 -36 
   0 
  39 
  72 
  94 
 101 
  91 
  69 
  35 
  -1 
 -39 
 -67 
 -83 
 -84 
 -75 
 -51 
 -27 
  -5 
   8 
  12 
   6 
 -12 
 -34 
 -55 
 -71 
 -74 
 -66 
 -48 
 -17 
  15 
  44 
  66 
  76 
  73 
  59 
  35 
  14 
  -7 
 -18 
 -11 
   3 
  27 
  57 
  80 
  95 
  98 
  79 
  48 
   8 
 -35 
 -79 
-114 
-128 
-128 
-128 
-101 
 -67 
 -34 
  -3 
  23 
  41 
  49 
  56 
  55 
  54 
  55 
  60 
  62 
  70 
  67 
  60 
  50 
  27 
   1 
 -24 
 -51 
 -71 
 -81 
 -87 
 -78 
 -62 
 -39 
 -24 
 -10 
  -3 
  -2 
 -12 
 -26 
 -41 
 -55 
 -61 
 -55 
 -40 
 -15 
  18 
  55 
  91 
 117 
 127 
 127 
 123 
  94 
  61 
  21 
 -16 
 -48 
 -72 
 -88 
 -89 
 -78 
 -63 
 -40 
 -20 
  -4 
   6 
   5 
  -2 
 -15 
 -29 
 -43 
 -48 
 -45 
 -35 
 -15 
  14 
  46 
  75 
 100 
 117 
 117 
 104 
  86 
  53 
  17 
 -21 
 -52 
 -79 
 -97 
-103 
 -97 
 -80 
 -58 
 -36 
 -14 
   4 
  18 
  21 
  17 
   6 
  -6 
 -16 
 -22 
 -23 
 -13 
   5 
  27 
  59 
  86 
 107 
 116 
 110 
  89 
  59 
  18 
 -26 
 -68 
-103 
-126 
-128 
-126 
-102 
 -73 
 -40 
 -10 
  11 
  20 
  21 
  13 
  -3 
 -15 
 -26 
 -28 
 -19 
  -1 
  21 
  44 
  67 
  83 
  92 
  90 
  77 
  56 
  34 
  17 
   3 
  -4 
  -2 
   6 
  12 
  22 
  27 
  25 
  18 
   0 
 -22 
 -46 
 -70 
 -91 
-112 
-119 
-121 
-112 
 -97 
 -82 
 -60 
 -41 
 -17 
   2 
  16 
  33 
  45 
  57 
  71 
  83 
  93 
  99 
 108 
 114 
 113 
 108 
  89 
  70 
  41 
   9 
 -20 
 -45 
 -63 
 -69 
 -71 
 -56 
 -41 
 -24 
 -12 
  -8 
 -14 
 -23 
 -41 
 -64 
 -82 
 -89 
 -88 
 -75 
 -49 
 -21 
  10 
  34 
  51 
  50 
  45 
  27 
   5 
 -14 
 -26 
 -22 
 -10 
  15 
  46 
  75 
  95 
 104 
  92 
  66 
  27 
 -14 
 -56 
 -83 
 -98 
 -91 
 -72 
 -34 
   7 
  46 
  79 
  93 
  92 
  73 
  46 
  10 
 -21 
 -43 
 -55 
 -52 
 -36 
 -18 
   4 
  22 
  31 
  25 
  10 
 -17 
 -51 
 -83 
-112 
-128 
-128 
-117 
 -90 
 -54 
 -13 
  32 
  72 
 100 
 116 
 121 
 113 
  92 
  69 
  42 
  20 
   5 
  -2 
  -2 
   3 
  14 
  30 
  38 
  36 
  31 
  18 
  -5 
 -32 
 -57 
 -75 
 -88 
 -90 
 -75 
 -57 
 -32 
 -11 
   8 
  15 
  13 
   3 
 -13 
 -31 
 -45 
 -51 
 -44 
 -26 
   7 
  44 
  84 
 117 
 127 
 127 
 126 
  98 
  53 
   5 
 -44 
 -80 
-101 
-111 
-108 
 -90 
 -66 
 -43 
 -22 
 -11 
 -11 
 -19 
 -26 
 -36 
 -47 
 -47 
 -40 
 -25 
  -5 
  13 
  37 
  53 
  66 
  79 
  83 
  88 
  89 
  93 
  93 
  93 
  88 
  74 
  56 
  26 
  -5 
 -32 
 -58 
 -75 
 -85 
 -86 
 -73 
 -56 
 -37 
 -28 
 -21 
 -26 
 -39 
 -57 
 -79 
 -99 
-102 
 -96 
 -79 
 -51 
 -24 
   6 
  26 
  41 
  41 
  29 
  16 
  -3 
 -12 
 -12 
  -5 
  18 
  43 
  71 
  96 
 109 
 110 
  96 
  74 
  46 
  19 
   0 
  -6 
   0 
  14 
  32 
  52 
  62 
  60 
  45 
  20 
 -13 
 -45 
 -70 
 -87 
 -95 
 -83 
 -63 
 -38 
 -19 
  -6 
  -7 
 -16 
 -37 
 -62 
 -87 
-100 
-101 
 -87 
 -62 
 -32 
   4 
  35 
  60 
  74 
  78 
  76 
  69 
  64 
  58 
  62 
  69 
  70 
  73 
  64 
  46 
  18 
 -16 
 -57 
 -98 
-126 
-128 
-128 
-107 
 -67 
 -22 
  23 
  58 
  85 
  92 
  84 
  68 
  38 
  13 
  -7 
 -15 
 -11 
   5 
  25 
  46 
  68 
  76 
  69 
  56 
  30 
  -1 
 -30 
 -54 
 -70 
 -76 
 -68 
 -56 
 -39 
 -22 
 -13 
 -14 
 -22 
 -37 
 -53 
 -73 
 -88 
 -99 
 -94 
 -78 
 -55 
 -24 
  11 
  42 
  80 
 105 
 121 
 127 
 115 
 101 
  71 
  39 
   6 
 -25 
 -50 
 -66 
 -65 
 -52 
 -29 
   5 
  38 
  69 
  91 
  98 
  94 
  69 
  38 
  -3 
 -38 
 -65 
 -83 
 -87 
 -72 
 -49 
 -22 
   2 
  19 
  22 
  11 
 -12 
 -40 
 -67 
 -85 
 -91 
 -79 
 -52 
 -20 
  21 
  57 
  85 
  92 
  82 
  60 
  22 
 -20 
 -56 
 -83 
 -95 
 -88 
 -66 
 -37 
  -7 
  26 
  49 
  64 
  70 
  69 
  61 
  56 
  54 
  51 
  54 
  58 
  58 
  50 
  40 
  18 
 -14 
 -42 
 -68 
 -92 
-101 
 -95 
 -77 
 -46 
 -11 
  22 
  50 
  62 
  63 
  47 
  21 
 -12 
 -48 
 -81 
-104 
-116 
-111 
 -92 
 -61 
 -25 
  14 
  49 
  75 
 100 
 107 
 108 
  99 
  82 
  69 
  44 
  26 
  13 
   0 
 -12 
 -22 
 -32 
 -44 
 -53 
 -62 
 -72 
 -77 
 -78 
 -73 
 -59 
 -38 
 -18 
  11 
  38 
  63 
  81 
  94 
  94 
  83 
  63 
  40 
  15 
 -14 
 -40 
 -62 
 -80 
 -90 
 -89 
 -80 
 -66 
 -44 
 -21 
  11 
  37 
  64 
  83 
  95 
 102 
  92 
  73 
  48 
  20 
 -18 
 -41 
 -64 
 -79 
 -80 
 -68 
 -43 
 -14 
  17 
  40 
  60 
  65 
  59 
  41 
  13 
 -17 
 -46 
 -73 
 -94 
-104 
-102 
 -88 
 -66 
 -38 
  -9 
  19 
  49 
  74 
  86 
  95 
  94 
  83 
  69 
  42 
  18 
 -10 
 -34 
 -55 
 -74 
 -82 
 -79 
 -69 
 -49 
 -29 
  -3 
  22 
  45 
  69 
  81 
  90 
  92 
  85 
  73 
  50 
  30 
  -2 
 -31 
 -61 
 -83 
-102 
-107 
 -98 
 -78 
 -52 
 -21 
  15 
  44 
  68 
  73 
  67 
  51 
  22 
 -14 
 -47 
 -74 
 -84 
 -85 
 -70 
 -46 
 -16 
  14 
  43 
  63 
  73 
  71 
  58 
  41 
  20 
   1 
  -7 
  -6 
   3 
  21 
  42 
  65 
  76 
  79 
  68 
  46 
  15 
 -25 
 -66 
-101 
-128 
-128 
-128 
-128 
-100 
 -62 
 -22 
  15 
  43 
  63 
  66 
  65 
  49 
  28 
  11 
  -2 
  -7 
  -6 
  11 
  32 
  51 
  71 
  81 
  80 
  69 
  44 
  15 
 -18 
 -48 
 -71 
 -82 
 -78 
 -62 
 -36 
   0 
  32 
  56 
  71 
  74 
  62 
  39 
   6 
 -26 
 -57 
 -86 
-105 
-113 
-110 
 -92 
 -72 
 -43 
 -11 
  14 
  41 
  63 
  80 
  88 
  84 
  73 
  56 
  32 
   6 
 -22 
 -41 
 -56 
 -58 
 -49 
 -30 
  -2 
  31 
  61 
  84 
  94 
  88 
  70 
  41 
   5 
 -34 
 -69 
 -90 
-108 
-112 
 -99 
 -78 
 -50 
 -20 
   7 
  30 
  48 
  61 
  66 
  74 
  75 
  73 
  71 
  71 
  64 
  52 
  36 
  17 
  -8 
 -33 
 -54 
 -68 
 -83 
 -92 
 -96 
 -96 
 -88 
 -83 
 -75 
 -73 
 -64 
 -53 
 -35 
 -17 
   5 
  31 
  57 
  77 
  94 
  96 
  92 
  77 
  58 
  34 
  14 
   5 
   0 
   6 
  20 
  38 
  51 
  59 
  58 
  45 
  23 
  -8 
 -41 
 -70 
 -92 
-100 
 -92 
 -69 
 -32 
   3 
  38 
  65 
  75 
  71 
  50 
  20 
 -17 
 -52 
 -83 
-102 
-111 
-104 
 -83 
 -57 
 -28 
   2 
  31 
  52 
  68 
  77 
  83 
  83 
  75 
  63 
  43 
  21 
  -4 
 -30 
 -57 
 -79 
 -95 
 -98 
 -92 
 -68 
 -43 
  -9 
  26 
  54 
  81 
  92 
  97 
  92 
  76 
  61 
  43 
  29 
  23 
  16 
  11 
   5 
   1 
 -14 
 -35 
 -55 
 -77 
 -97 
-107 
-101 
 -86 
 -58 
 -21 
  19 
  49 
  82 
  98 
 103 
  93 
  72 
  48 
  22 
  -5 
 -26 
 -42 
 -55 
 -63 
 -69 
 -74 
 -79 
 -80 
 -80 
 -83 
 -75 
 -62 
 -43 
 -18 
   5 
  32 
  51 
  64 
  77 
  83 
  83 
  81 
  73 
  74 
  74 
  71 
  67 
  60 
  43 
  22 
  -5 
 -34 
 -57 
 -79 
 -89 
 -83 
 -65 
 -35 
   1 
  30 
  58 
  73 
  69 
  56 
  28 
  -6 
 -41 
 -71 
 -91 
 -99 
 -93 
 -73 
 -49 
 -23 
  -4 
   9 
   8 
  -2 
 -16 
 -38 
 -53 
 -59 
 -55 
 -40 
 -17 
  13 
  43 
  72 
  94 
 107 
 111 
 103 
  94 
  75 
  60 
  49 
  35 
  25 
  16 
   3 
  -8 
 -24 
 -45 
 -67 
 -90 
-108 
-116 
-120 
-113 
-101 
 -81 
 -53 
 -25 
  -2 
  16 
  34 
  43 
  51 
  62 
  68 
  75 
  83 
  91 
  99 
 104 
  99 
  87 
  66 
  35 
   3 
 -27 
 -53 
 -71 
 -77 
 -77 
 -62 
 -45 
 -26 
 -12 
  -8 
 -11 
 -24 
 -43 
 -62 
 -82 
 -89 
 -88 
 -73 
 -48 
 -16 
  14 
  37 
  55 
  55 
  47 
  30 
   7 
 -10 
 -16 
 -16 
   0 
  23 
  54 
  81 
 103 
 109 
  98 
  74 
  36 
  -5 
 -45 
 -72 
 -84 
 -81 
 -63 
 -27 
   8 
  44 
  73 
  87 
  89 
  76 
  50 
  16 
 -19 
 -48 
 -69 
 -90 
 -98 
-101 
 -98 
 -86 
 -69 
 -50 
 -26 
  -1 
  23 
  49 
  71 
  85 
  88 
  81 
  60 
  36 
   3 
 -29 
 -54 
 -80 
 -93 
 -97 
 -88 
 -72 
 -53 
 -31 
 -11 
   7 
  22 
  36 
  49 
  60 
  74 
  86 
  93 
 101 
 106 
 100 
  86 
  67 
  43 
  24 
  -1 
 -17 
 -31 
 -44 
 -48 
 -56 
 -64 
 -70 
 -81 
 -94 
 -98 
 -92 
 -78 
 -58 
 -30 
   2 
  34 
  62 
  72 
  73 
  52 
  27 
  -8 
 -44 
 -73 
 -90 
 -90 
 -72 
 -47 
 -15 
  23 
  50 
  69 
  76 
  73 
  58 
  40 
  20 
   7 
   6 
  11 
  26 
  49 
  67 
  85 
  91 
  85 
  74 
  51 
  27 
  -2 
 -27 
 -47 
 -65 
 -79 
 -84 
 -86 
 -92 
 -93 
 -95 
 -94 
 -86 
 -75 
 -62 
 -43 
 -25 
  -5 
  19 
  39 
  54 
  65 
  71 
  73 
  79 
  76 
  73 
  65 
  53 
  39 
  21 
  -5 
 -31 
 -55 
 -78 
 -97 
-103 
 -97 
 -78 
 -57 
 -27 
  10 
  42 
  69 
  88 
  93 
  88 
  74 
  58 
  33 
  15 
  -1 
 -10 
 -16 
 -23 
 -24 
 -34 
 -39 
 -51 
 -68 
 -80 
 -89 
 -89 
 -78 
 -60 
 -33 
   4 
  49 
  88 
 116 
 127 
 127 
 127 
 103 
  63 
  23 
 -13 
 -43 
 -56 
 -62 
 -50 
 -32 
 -10 
   9 
  19 
  17 
   7 
 -15 
 -44 
 -70 
 -89 
 -99 
 -90 
 -69 
 -43 
 -10 
  21 
  40 
  48 
  44 
  29 
   7 
 -20 
 -33 
 -37 
 -32 
  -8 
  22 
  55 
  82 
 104 
 104 
  84 
  55 
  11 
 -33 
 -71 
 -95 
 -99 
 -91 
 -62 
 -24 
  18 
  58 
  84 
  93 
  87 
  66 
  34 
   0 
 -27 
 -45 
 -48 
 -36 
 -19 
   7 
  28 
  42 
  44 
  35 
  12 
 -21 
 -58 
 -90 
-119 
-128 
-128 
-109 
 -76 
 -37 
   5 
  43 
  72 
  95 
 101 
 103 
  92 
  76 
  59 
  44 
  34 
  24 
  16 
   5 
  -6 
 -16 
 -29 
 -45 
 -62 
 -73 
 -81 
 -84 
 -75 
 -55 
 -34 
  -6 
  26 
  49 
  65 
  75 
  74 
  57 
  33 
   5 
 -22 
 -46 
 -63 
 -69 
 -59 
 -41 
  -8 
  27 
  61 
  95 
 115 
 127 
 119 
  96 
  67 
  28 
 -11 
 -47 
 -74 
 -90 
-100 
 -99 
 -89 
 -77 
 -64 
 -54 
 -48 
 -44 
 -42 
 -36 
 -31 
 -19 
   0 
  22 
  50 
  73 
  88 
  93 
  81 
  58 
  22 
 -14 
 -48 
 -73 
 -84 
 -78 
 -58 
 -25 
  16 
  55 
  81 
 101 
 101 
  86 
  57 
  26 
  -4 
 -27 
 -36 
 -33 
 -23 
   0 
  19 
  35 
  40 
  32 
  13 
 -15 
 -45 
 -71 
 -92 
-102 
 -95 
 -79 
 -51 
 -25 
  -4 
  10 
  13 
   7 
 -10 
 -29 
 -47 
 -58 
 -53 
 -39 
 -11 
  24 
  62 
 103 
 127 
 127 
 127 
 127 
 106 
  70 
  30 
 -12 
 -46 
 -72 
 -88 
 -88 
 -74 
 -56 
 -30 
  -9 
   5 
  11 
   6 
  -6 
 -27 
 -47 
 -62 
 -69 
 -62 
 -49 
 -25 
   8 
  41 
  69 
  87 
  91 
  77 
  54 
  18 
 -19 
 -56 
 -79 
 -88 
 -83 
 -62 
 -30 
   6 
  44 
  72 
  89 
  91 
  79 
  54 
  19 
 -13 
 -45 
 -67 
 -75 
 -72 
 -56 
 -34 
   1 
  29 
  61 
  79 
  94 
  94 
  79 
  58 
  28 
  -9 
 -43 
 -73 
 -97 
-117 
-123 
-116 
 -97 
 -73 
 -44 
 -18 
   3 
  17 
  25 
  23 
  20 
  11 
   1 
   0 
   3 
  12 
  29 
  47 
  67 
  85 
  96 
 104 
  98 
  90 
  71 
  53 
  29 
  10 
 -12 
 -26 
 -43 
 -55 
 -65 
 -74 
 -86 
 -93 
 -93 
 -88 
 -76 
 -63 
 -50 
 -31 
 -12 
   8 
  25 
  39 
  50 
  59 
  69 
  75 
  80 
  79 
  73 
  66 
  50 
  27 
   1 
 -31 
 -59 
 -88 
-110 
-115 
-109 
 -92 
 -63 
 -29 
   8 
  40 
  67 
  79 
  82 
  68 
  47 
  25 
   1 
 -13 
 -16 
 -11 
   3 
  25 
  46 
  62 
  69 
  61 
  43 
  13 
 -24 
 -63 
 -97 
-119 
-128 
-126 
-105 
 -70 
 -39 
   1 
  34 
  58 
  75 
  84 
  82 
  77 
  65 
  56 
  44 
  39 
  33 
  26 
  20 
   6 
 -11 
 -35 
 -52 
 -70 
 -87 
 -97 
 -95 
 -83 
 -62 
 -34 
  -7 
  21 
  43 
  58 
  57 
  50 
  32 
   7 
 -19 
 -45 
 -67 
 -76 
 -74 
 -58 
 -35 
  -3 
  34 
  68 
 104 
 127 
 127 
 127 
 121 
  92 
  56 
  19 
 -18 
 -45 
 -63 
 -71 
 -70 
 -53 
 -36 
 -20 
  -5 
   0 
  -7 
 -22 
 -39 
 -63 
 -84 
 -91 
 -90 
 -75 
 -49 
 -21 
  10 
  33 
  51 
  53 
  46 
  30 
   7 
 -10 
 -21 
 -20 
  -9 
  14 
  44 
  72 
  96 
 104 
  96 
  72 
  34 
 -11 
 -52 
 -83 
-102 
-101 
 -83 
 -47 
  -6 
  36 
  72 
  93 
  93 
  76 
  46 
   2 
 -41 
 -74 
 -97 
-104 
 -94 
 -72 
 -35 
   3 
  41 
  66 
  84 
  84 
  70 
  47 
  19 
 -15 
 -44 
 -64 
 -74 
 -77 
 -63 
 -41 
 -12 
  24 
  51 
  74 
  85 
  79 
  67 
  41 
   9 
 -28 
 -60 
 -84 
-106 
-109 
-100 
 -78 
 -49 
 -17 
  16 
  42 
  61 
  77 
  79 
  83 
  81 
  76 
  73 
  68 
  62 
  52 
  42 
  27 
   8 
 -19 
 -41 
 -62 
 -78 
 -93 
 -97 
 -91 
 -79 
 -58 
 -40 
 -25 
 -10 
  -8 
  -6 
 -11 
 -21 
 -30 
 -32 
 -28 
 -20 
  -2 
  22 
  49 
  75 
 102 
 121 
 127 
 123 
 112 
  83 
  54 
  17 
 -22 
 -55 
 -82 
 -97 
 -97 
 -82 
 -58 
 -27 
  10 
  40 
  65 
  73 
  68 
  47 
  15 
 -23 
 -64 
 -97 
-114 
-118 
-104 
 -75 
 -43 
 -13 
  12 
  27 
  27 
  17 
   0 
 -24 
 -41 
 -47 
 -44 
 -27 
   3 
  36 
  71 
  90 
 101 
  96 
  74 
  49 
  19 
  -9 
 -20 
 -21 
  -6 
  17 
  40 
  62 
  71 
  67 
  48 
  19 
 -21 
 -55 
 -86 
-103 
-103 
 -84 
 -53 
 -10 
  28 
  57 
  78 
  79 
  65 
  40 
   6 
 -27 
 -54 
 -74 
 -88 
 -91 
 -84 
 -74 
 -60 
 -50 
 -41 
 -34 
 -28 
 -19 
 -10 
   3 
  21 
  41 
  64 
  88 
 105 
 116 
 117 
 106 
  94 
  80 
  59 
  34 
  18 
  -3 
 -20 
 -34 
 -49 
 -59 
 -71 
 -85 
 -93 
 -97 
 -97 
 -96 
 -90 
 -74 
 -55 
 -33 
  -6 
  19 
  39 
  56 
  71 
  73 
  79 
  77 
  70 
  67 
  59 
  55 
  47 
  39 
  27 
  11 
 -10 
 -30 
 -50 
 -66 
 -82 
 -91 
 -90 
 -79 
 -54 
 -27 
   3 
  30 
  52 
  70 
  69 
  58 
  38 
   7 
 -24 
 -57 
 -78 
 -84 
 -77 
 -53 
 -18 
  22 
  61 
  91 
 112 
 110 
  98 
  66 
  24 
 -19 
 -61 
 -89 
 -96 
 -85 
 -58 
 -22 
  23 
  62 
  89 
 100 
  92 
  67 
  24 
 -21 
 -68 
-105 
-122 
-122 
-105 
 -71 
 -36 
  -4 
  18 
  30 
  25 
   9 
 -13 
 -38 
 -54 
 -59 
 -47 
 -27 
   4 
  40 
  73 
  92 
  97 
  90 
  64 
  39 
  10 
 -12 
 -17 
 -10 
   7 
  30 
  56 
  75 
  77 
  69 
  47 
  15 
 -22 
 -53 
 -74 
 -83 
 -75 
 -54 
 -27 
   0 
  17 
  21 
  10 
 -13 
 -41 
 -75 
 -97 
-107 
 -98 
 -70 
 -32 
   8 
  48 
  77 
  96 
  88 
  70 
  39 
   0 
 -37 
 -65 
 -85 
 -85 
 -73 
 -48 
 -21 
   7 
  33 
  48 
  58 
  64 
  63 
  63 
  62 
  68 
  70 
  77 
  80 
  76 
  69 
  52 
  30 
   0 
 -32 
 -66 
 -97 
-118 
-128 
-125 
-109 
 -84 
 -52 
 -14 
  22 
  53 
  70 
  75 
  68 
  44 
  13 
 -23 
 -53 
 -78 
 -89 
 -86 
 -71 
 -40 
  -6 
  31 
  63 
  86 
  95 
  89 
  71 
  44 
  17 
  -4 
 -18 
 -17 
 -10 
  10 
  31 
  52 
  61 
  58 
  46 
  20 
 -15 
 -51 
 -78 
 -98 
-107 
 -93 
 -67 
 -34 
   3 
  36 
  61 
  68 
  65 
  47 
  17 
 -17 
 -50 
 -77 
 -99 
-109 
-105 
 -90 
 -61 
 -31 
   0 
  34 
  62 
  88 
 102 
 111 
 107 
  94 
  75 
  50 
  25 
   4 
 -13 
 -22 
 -22 
 -15 
   0 
  13 
  23 
  28 
  21 
   4 
 -24 
 -51 
 -78 
-102 
-110 
-104 
 -83 
 -49 
  -7 
  34 
  69 
  94 
 112 
 112 
  99 
  76 
  50 
  22 
   0 
 -18 
 -31 
 -40 
 -49 
 -57 
 -64 
 -74 
 -82 
 -93 
 -97 
 -94 
 -84 
 -61 
 -38 
  -8 
  17 
  40 
  56 
  62 
  61 
  53 
  37 
  30 
  24 
  21 
  32 
  44 
  63 
  75 
  90 
  93 
  87 
  74 
  56 
  37 
  12 
 -10 
 -30 
 -50 
 -63 
 -73 
 -81 
 -86 
 -93 
 -97 
 -95 
 -86 
 -75 
 -58 
 -37 
 -15 
   4 
  21 
  29 
  30 
  24 
  12 
   5 
  -8 
  -5 
   5 
  26 
  51 
  75 
 100 
 114 
 114 
 103 
  70 
  28 
 -17 
 -63 
 -97 
-124 
-128 
-127 
-102 
 -68 
 -35 
  -3 
  19 
  34 
  40 
  33 
  22 
  11 
   1 
  -2 
   3 
  14 
  28 
  49 
  65 
  81 
  89 
  89 
  81 
  69 
  54 
  36 
  16 
   0 
 -20 
 -43 
 -56 
 -71 
 -82 
 -95 
-100 
-103 
 -98 
 -86 
 -73 
 -59 
 -44 
 -30 
 -12 
   1 
  19 
  32 
  46 
  57 
  72 
  79 
  88 
  88 
  78 
  63 
  40 
  14 
 -16 
 -40 
 -59 
 -72 
 -72 
 -62 
 -35 
  -4 
  24 
  52 
  71 
  77 
  69 
  41 
  10 
 -29 
 -65 
 -95 
-110 
-109 
 -89 
 -50 
  -6 
  38 
  77 
 102 
 106 
  89 
  59 
  21 
 -24 
 -60 
 -88 
 -94 
 -83 
 -52 
  -9 
  38 
  80 
 109 
 124 
 114 
  87 
  52 
  13 
 -25 
 -50 
 -62 
 -60 
 -47 
 -23 
  -4 
  12 
  19 
  10 
 -10 
 -39 
 -67 
 -88 
-105 
-106 
 -90 
 -67 
 -41 
 -13 
  10 
  19 
  23 
  15 
   2 
 -18 
 -26 
 -26 
 -16 
   2 
  27 
  55 
  79 
  98 
 108 
 107 
  98 
  83 
  68 
  56 
  46 
  38 
  29 
  20 
   8 
 -12 
 -32 
 -55 
 -75 
 -94 
 -96 
 -82 
 -61 
 -28 
   6 
  39 
  65 
  71 
  63 
  43 
   6 
 -32 
 -68 
 -96 
-110 
-107 
 -87 
 -58 
 -26 
   3 
  18 
  26 
  16 
  -3 
 -24 
 -47 
 -59 
 -57 
 -42 
 -16 
  14 
  48 
  77 
  99 
 112 
 107 
  89 
  74 
  53 
  36 
  26 
  18 
  17 
  14 
   9 
  -5 
 -23 
 -50 
 -80 
-108 
-124 
-127 
-111 
 -84 
 -46 
   5 
  51 
  98 
 122 
 127 
 120 
  95 
  63 
  25 
  -2 
 -23 
 -29 
 -20 
  -5 
  18 
  39 
  48 
  44 
  32 
   5 
 -26 
 -56 
 -83 
 -97 
-103 
 -94 
 -72 
 -49 
 -25 
 -13 
  -7 
 -11 
 -26 
 -43 
 -59 
 -70 
 -67 
 -57 
 -37 
 -12 
  18 
  44 
  64 
  78 
  82 
  81 
  78 
  74 
  70 
  71 
  71 
  71 
  62 
  51 
  32 
   1 
 -28 
 -57 
 -79 
 -89 
 -82 
 -61 
 -26 
  15 
  52 
  79 
  92 
  89 
  64 
  28 
 -12 
 -51 
 -79 
 -94 
 -90 
 -73 
 -44 
  -8 
  16 
  31 
  30 
  13 
 -12 
 -46 
 -73 
 -92 
 -89 
 -71 
 -41 
  -1 
  43 
  78 
  98 
 100 
  92 
  59 
  20 
 -18 
 -53 
 -79 
 -87 
 -79 
 -59 
 -30 
  -1 
  30 
  50 
  69 
  73 
  69 
  62 
  54 
  46 
  42 
  44 
  45 
  45 
  42 
  30 
  11 
 -13 
 -44 
 -78 
-108 
-128 
-128 
-128 
-116 
 -86 
 -47 
  -3 
  37 
  69 
  91 
  99 
  88 
  66 
  40 
   9 
 -14 
 -25 
 -29 
 -14 
   7 
  30 
  50 
  66 
  67 
  49 
  27 
  -6 
 -40 
 -73 
 -94 
 -99 
 -85 
 -56 
 -20 
  20 
  57 
  83 
  90 
  84 
  60 
  28 
  -9 
 -43 
 -69 
 -85 
 -87 
 -71 
 -50 
 -26 
  -6 
  10 
  14 
   9 
  -2 
 -22 
 -38 
 -50 
 -57 
 -47 
 -32 
  -7 
  25 
  59 
  93 
 114 
 127 
 127 
 126 
 102 
  72 
  40 
   2 
 -33 
 -62 
 -83 
 -91 
 -82 
 -64 
 -36 
  -5 
  22 
  43 
  56 
  54 
  39 
  13 
 -15 
 -47 
 -72 
 -94 
-102 
-102 
 -92 
 -70 
 -52 
 -33 
 -17 
  -7 
   4 
  11 
  16 
  27 
  39 
  55 
  71 
  86 
  92 
  86 
  68 
  43 
   8 
 -23 
 -53 
 -72 
 -76 
 -67 
 -44 
 -10 
  30 
  62 
  85 
  96 
  87 
  67 
  31 
  -1 
 -33 
 -55 
 -62 
 -64 
 -48 
 -28 
  -6 
  11 
  18 
  13 
  -5 
 -30 
 -59 
 -87 
-114 
-119 
-111 
 -89 
 -55 
 -13 
  32 
  70 
 102 
 124 
 127 
 125 
 105 
  77 
  49 
  17 
  -7 
 -25 
 -30 
 -30 
 -24 
 -12 
   2 
  10 
  12 
   7 
  -4 
 -21 
 -41 
 -66 
 -81 
 -89 
 -87 
 -70 
 -47 
 -18 
  14 
  49 
  80 
  95 
 103 
 100 
  88 
  65 
  36 
   8 
 -21 
 -46 
 -65 
 -80 
 -91 
 -89 
 -83 
 -66 
 -48 
 -30 
  -3 
  23 
  50 
  67 
  84 
  90 
  83 
  65 
  34 
   4 
 -30 
 -58 
 -78 
 -87 
 -79 
 -59 
 -30 
   9 
  42 
  71 
  88 
  88 
  75 
  42 
   2 
 -33 
 -68 
 -91 
 -99 
 -89 
 -63 
 -29 
  13 
  54 
  86 
  98 
  95 
  77 
  50 
  11 
 -28 
 -55 
 -76 
 -82 
 -75 
 -53 
 -23 
  10 
  40 
  66 
  77 
  75 
  63 
  42 
  15 
 -17 
 -48 
 -70 
 -88 
 -98 
 -98 
 -83 
 -66 
 -44 
 -19 
  13 
  40 
  65 
  83 
  94 
  94 
  81 
  61 
  36 
   5 
 -25 
 -50 
 -66 
 -71 
 -65 
 -45 
 -15 
  22 
  52 
  77 
  90 
  86 
  67 
  33 
  -1 
 -40 
 -72 
 -92 
-100 
 -92 
 -66 
 -30 
  11 
  49 
  77 
  92 
  89 
  73 
  36 
  -1 
 -37 
 -70 
 -89 
 -94 
 -83 
 -58 
 -23 
  15 
  54 
  79 
  92 
  89 
  73 
  48 
  11 
 -24 
 -51 
 -72 
 -79 
 -75 
 -61 
 -33 
   2 
  32 
  61 
  76 
  78 
  69 
  49 
  21 
 -13 
 -48 
 -74 
 -95 
-104 
-100 
 -81 
 -58 
 -25 
   6 
  37 
  61 
  83 
  93 
  96 
  91 
  78 
  61 
  44 
  28 
  12 
  -4 
 -20 
 -33 
 -44 
 -57 
 -63 
 -74 
 -79 
 -83 
 -81 
 -72 
 -61 
 -47 
 -24 
   2 
  28 
  56 
  79 
  96 
 108 
 104 
  91 
  71 
  42 
   8 
 -26 
 -55 
 -77 
 -87 
 -84 
 -64 
 -33 
   1 
  39 
  68 
  84 
  87 
  76 
  50 
  13 
 -25 
 -59 
 -85 
 -99 
 -96 
 -77 
 -44 
  -8 
  26 
  50 
  68 
  70 
  51 
  30 
  -5 
 -39 
 -64 
 -87 
 -97 
 -92 
 -84 
 -62 
 -42 
 -20 
  -3 
  11 
  24 
  34 
  43 
  52 
  63 
  77 
  87 
  96 
  99 
  94 
  80 
  62 
  42 
  18 
  -6 
 -24 
 -39 
 -50 
 -55 
 -57 
 -60 
 -63 
 -69 
 -74 
 -70 
 -63 
 -52 
 -29 
  -2 
  29 
  63 
  91 
 113 
 117 
 104 
  81 
  50 
   8 
 -31 
 -62 
 -87 
 -97 
 -96 
 -86 
 -71 
 -53 
 -40 
 -36 
 -35 
 -35 
 -35 
 -34 
 -23 
  -7 
  21 
  50 
  76 
  91 
  98 
  85 
  60 
  22 
 -20 
 -61 
 -84 
 -94 
 -88 
 -60 
 -23 
  24 
  63 
  96 
 111 
 106 
  83 
  54 
  19 
 -11 
 -30 
 -32 
 -22 
   1 
  30 
  53 
  73 
  75 
  55 
  26 
 -11 
 -45 
 -75 
 -94 
 -94 
 -80 
 -50 
 -18 
   8 
  25 
  29 
  13 
 -12 
 -45 
 -74 
 -95 
 -96 
 -83 
 -51 
 -11 
  34 
  72 
  96 
  99 
  88 
  53 
   8 
 -33 
 -77 
-102 
-105 
 -91 
 -65 
 -33 
   4 
  32 
  50 
  61 
  56 
  48 
  41 
  38 
  40 
  49 
  66 
  80 
  83 
  77 
  59 
  30 
  -6 
 -44 
 -78 
 -96 
 -99 
 -80 
 -46 
  -2 
  44 
  80 
 100 
 101 
  81 
  51 
  11 
 -27 
 -61 
 -76 
 -78 
 -69 
 -43 
 -18 
   6 
  19 
  18 
   2 
 -21 
 -53 
 -79 
-100 
-104 
 -89 
 -67 
 -38 
  -7 
  22 
  40 
  42 
  37 
  21 
   1 
 -16 
 -22 
 -19 
  -6 
  19 
  46 
  77 
  99 
 113 
 113 
 103 
  83 
  61 
  37 
  17 
  -1 
 -12 
 -21 
 -26 
 -36 
 -45 
 -61 
 -79 
 -97 
-110 
-115 
-109 
 -87 
 -57 
 -19 
  25 
  63 
  94 
 116 
 119 
 102 
  75 
  41 
   7 
 -23 
 -45 
 -54 
 -51 
 -38 
 -18 
   4 
  26 
  32 
  28 
  16 
  -8 
 -35 
 -65 
 -83 
 -90 
 -83 
 -61 
 -26 
  13 
  54 
  81 
 104 
 104 
  87 
  59 
  16 
 -25 
 -63 
 -89 
 -97 
 -84 
 -56 
 -20 
  22 
  61 
  84 
  96 
  87 
  63 
  27 
 -13 
 -54 
 -85 
-102 
-103 
 -86 
 -59 
 -26 
   2 
  26 
  39 
  40 
  35 
  20 
   5 
 -10 
 -16 
 -12 
   0 
  18 
  41 
  67 
  88 
 103 
 107 
  99 
  83 
  55 
  27 
  -7 
 -39 
 -68 
 -96 
-107 
-112 
-104 
 -84 
 -60 
 -28 
   5 
  34 
  56 
  62 
  61 
  41 
  13 
 -22 
 -59 
 -89 
-107 
-109 
 -92 
 -64 
 -31 
   5 
  39 
  62 
  68 
  64 
  45 
  15 
  -8 
 -28 
 -33 
 -22 
  -4 
  29 
  60 
  89 
 102 
  95 
  76 
  43 
   2 
 -40 
 -72 
 -88 
 -89 
 -69 
 -32 
   9 
  54 
  87 
 107 
 107 
  89 
  67 
  34 
   4 
 -19 
 -37 
 -41 
 -41 
 -35 
 -34 
 -32 
 -41 
 -53 
 -71 
 -84 
 -88 
 -81 
 -58 
 -28 
  10 
  49 
  81 
  97 
  93 
  71 
  33 
 -10 
 -57 
 -93 
-111 
-107 
 -84 
 -52 
 -12 
  28 
  56 
  72 
  69 
  52 
  24 
  -5 
 -28 
 -38 
 -35 
 -15 
  18 
  52 
  84 
 104 
 104 
  93 
  63 
  27 
  -8 
 -36 
 -52 
 -48 
 -30 
  -4 
  22 
  46 
  57 
  47 
  25 
  -9 
 -49 
 -85 
-112 
-121 
-111 
 -77 
 -35 
  12 
  57 
  87 
  96 
  90 
  61 
  26 
 -15 
 -52 
 -77 
 -91 
 -89 
 -71 
 -43 
 -14 
   5 
  19 
  21 
  12 
  -4 
 -29 
 -47 
 -59 
 -61 
 -49 
 -26 
  -2 
  30 
  63 
  95 
 113 
 126 
 126 
 114 
  91 
  64 
  35 
   3 
 -31 
 -57 
 -78 
 -85 
 -83 
 -70 
 -46 
 -17 
  13 
  40 
  60 
  68 
  60 
  37 
  11 
 -23 
 -57 
 -85 
-102 
-105 
 -91 
 -64 
 -32 
   2 
  35 
  54 
  68 
  64 
  46 
  18 
 -12 
 -43 
 -67 
 -85 
 -85 
 -78 
 -58 
 -34 
  -3 
  30 
  57 
  81 
 102 
 113 
 113 
 103 
  88 
  60 
  31 
  -1 
 -30 
 -53 
 -70 
 -77 
 -69 
 -49 
 -24 
   5 
  35 
  56 
  67 
  63 
  52 
  26 
  -8 
 -41 
 -71 
 -89 
-104 
-101 
 -88 
 -69 
 -47 
 -28 
 -11 
  -1 
   3 
   7 
  12 
  17 
  29 
  46 
  64 
  84 
  96 
  96 
  88 
  63 
  28 
 -14 
 -53 
 -90 
-117 
-128 
-121 
 -98 
 -66 
 -32 
   2 
  28 
  46 
  58 
  59 
  55 
  50 
  48 
  52 
  58 
  67 
  76 
  81 
  77 
  55 
  28 
  -5 
 -40 
 -65 
 -86 
 -93 
 -81 
 -54 
 -18 
  17 
  49 
  71 
  74 
  68 
  39 
   8 
 -27 
 -59 
 -85 
 -96 
 -99 
 -91 
 -76 
 -59 
 -51 
 -44 
 -40 
 -41 
 -35 
 -31 
 -17 
   7 
  33 
  61 
  85 
 100 
 101 
  85 
  61 
  21 
 -16 
 -47 
 -65 
 -68 
 -56 
 -28 
  10 
  45 
  77 
  99 
 109 
 103 
  85 
  64 
  37 
  19 
   6 
  -1 
  -2 
  -2 
  -5 
 -15 
 -28 
 -51 
 -75 
 -94 
-104 
 -99 
 -78 
 -47 
 -11 
  28 
  65 
  84 
  83 
  67 
  33 
 -10 
 -55 
 -88 
-111 
-112 
 -97 
 -62 
 -29 
   6 
  34 
  45 
  42 
  28 
   0 
 -25 
 -43 
 -52 
 -45 
 -22 
  10 
  44 
  79 
  98 
 108 
 100 
  79 
  46 
  14 
 -10 
 -23 
 -22 
  -8 
  16 
  42 
  64 
  74 
  69 
  51 
  16 
 -24 
 -67 
-107 
-128 
-128 
-128 
-106 
 -68 
 -31 
   8 
  39 
  59 
  71 
  77 
  74 
  70 
  63 
  56 
  48 
  45 
  38 
  26 
  12 
  -9 
 -31 
 -57 
 -78 
 -92 
-102 
-104 
 -95 
 -82 
 -64 
 -49 
 -37 
 -25 
 -17 
  -8 
   2 
  13 
  31 
  52 
  75 
  92 
 104 
 104 
  93 
  74 
  45 
  10 
 -20 
 -45 
 -55 
 -59 
 -44 
 -18 
  12 
  44 
  70 
  85 
  89 
  78 
  61 
  34 
   8 
 -15 
 -38 
 -49 
 -58 
 -65 
 -63 
 -69 
 -72 
 -80 
 -87 
 -87 
 -84 
 -73 
 -52 
 -27 
   4 
  33 
  59 
  74 
  76 
  67 
  46 
  19 
 -11 
 -39 
 -55 
 -62 
 -53 
 -32 
  -6 
  31 
  64 
 100 
 121 
 127 
 127 
 111 
  88 
  52 
  18 
 -22 
 -51 
 -74 
 -91 
 -97 
 -89 
 -71 
 -51 
 -29 
 -11 
   2 
   7 
   6 
  -7 
 -24 
 -40 
 -51 
 -55 
 -47 
 -30 
  -3 
  28 
  59 
  84 
  96 
  92 
  72 
  36 
  -4 
 -46 
 -79 
 -98 
-102 
 -86 
 -55 
 -12 
  29 
  71 
  91 
  96 
  83 
  53 
  13 
 -29 
 -65 
 -89 
 -95 
 -84 
 -61 
 -26 
  11 
  45 
  73 
  86 
  89 
  82 
  63 
  45 
  29 
  19 
  10 
   3 
   3 
   0 
 -12 
 -24 
 -44 
 -62 
 -84 
-100 
-106 
 -99 
 -82 
 -56 
 -22 
  16 
  49 
  80 
  98 
 103 
 100 
  82 
  62 
  34 
   7 
 -16 
 -33 
 -49 
 -59 
 -67 
 -69 
 -69 
 -66 
 -64 
 -58 
 -51 
 -39 
 -23 
  -6 
   9 
  29 
  45 
  64 
  81 
  92 
  99 
  99 
  96 
  90 
  81 
  65 
  48 
  28 
   5 
 -16 
 -36 
 -56 
 -67 
 -77 
 -86 
 -90 
 -87 
 -84 
 -78 
 -77 
 -69 
 -57 
 -43 
 -24 
  -7 
  16 
  39 
  61 
  75 
  84 
  83 
  67 
  49 
  22 
  -7 
 -32 
 -48 
 -57 
 -54 
 -42 
 -17 
  13 
  46 
  71 
  91 
  96 
  86 
  70 
  37 
   3 
 -34 
 -66 
 -90 
-107 
-114 
-104 
 -86 
 -61 
 -36 
 -10 
  15 
  38 
  56 
  68 
  74 
  75 
  73 
  62 
  44 
  28 
   4 
 -20 
 -43 
 -66 
 -83 
 -86 
 -82 
 -63 
 -41 
  -9 
  26 
  60 
  89 
 108 
 112 
 108 
  90 
  60 
  25 
  -6 
 -34 
 -57 
 -69 
 -76 
 -79 
 -74 
 -69 
 -64 
 -64 
 -64 
 -62 
 -56 
 -47 
 -32 
 -13 
  15 
  38 
  65 
  82 
  91 
  88 
  70 
  47 
  14 
 -16 
 -40 
 -55 
 -57 
 -46 
 -28 
   2 
  32 
  62 
  83 
  96 
  98 
  88 
  72 
  47 
  26 
   7 
 -11 
 -24 
 -34 
 -43 
 -50 
 -58 
 -68 
 -81 
 -91 
 -95 
 -93 
 -82 
 -72 
 -53 
 -29 
  -2 
  20 
  39 
  55 
  65 
  71 
  75 
  74 
  77 
  75 
  70 
  66 
  54 
  38 
  15 
 -14 
 -49 
 -81 
-106 
-121 
-122 
-108 
 -81 
 -44 
  -2 
  34 
  67 
  82 
  84 
  69 
  39 
   5 
 -32 
 -62 
 -78 
 -83 
 -70 
 -46 
 -13 
  20 
  51 
  75 
  87 
  92 
  84 
  69 
  57 
  42 
  36 
  29 
  23 
  23 
  15 
   1 
 -15 
 -39 
 -59 
 -81 
 -96 
 -98 
 -86 
 -60 
 -29 
  10 
  42 
  65 
  80 
  74 
  56 
  21 
 -15 
 -49 
 -82 
 -98 
 -95 
 -79 
 -53 
 -20 
   9 
  32 
  45 
  46 
  31 
  12 
 -11 
 -27 
 -35 
 -30 
 -16 
  12 
  42 
  78 
 105 
 124 
 126 
 111 
  79 
  45 
   2 
 -39 
 -72 
-102 
-115 
-118 
-107 
 -88 
 -65 
 -44 
 -22 
  -8 
   4 
  11 
  15 
  20 
  27 
  34 
  44 
  56 
  67 
  72 
  72 
  63 
  40 
  17 
 -16 
 -51 
 -79 
-100 
-113 
-107 
 -89 
 -59 
 -28 
   5 
  38 
  59 
  77 
  87 
  87 
  80 
  73 
  66 
  55 
  50 
  40 
  30 
  18 
  -2 
 -24 
 -47 
 -69 
 -86 
-100 
-107 
 -97 
 -84 
 -62 
 -41 
 -24 
 -11 
  -5 
  -6 
 -16 
 -23 
 -34 
 -32 
 -25 
 -13 
   6 
  29 
  51 
  72 
  89 
  98 
 101 
  96 
  91 
  83 
  74 
  66 
  52 
  40 
  23 
   2 
 -20 
 -42 
 -65 
 -81 
 -93 
 -90 
 -78 
 -55 
 -29 
  -2 
  22 
  35 
  38 
  32 
  12 
 -12 
 -43 
 -71 
 -93 
-108 
-111 
-103 
 -83 
 -55 
 -24 
  12 
  45 
  73 
  95 
 110 
 111 
 100 
  79 
  55 
  22 
 -11 
 -38 
 -58 
 -64 
 -59 
 -43 
 -11 
  24 
  55 
  85 
  95 
  95 
  79 
  53 
  21 
 -13 
 -43 
 -61 
 -66 
 -63 
 -48 
 -26 
  -6 
   8 
   9 
   1 
 -16 
 -39 
 -63 
 -86 
 -93 
 -87 
 -69 
 -43 
 -13 
  18 
  39 
  52 
  55 
  44 
  27 
   8 
  -4 
 -11 
  -8 
  10 
  36 
  67 
  97 
 120 
 127 
 126 
 102 
  69 
  24 
 -24 
 -70 
-107 
-128 
-128 
-128 
-106 
 -77 
 -43 
 -16 
   5 
  15 
  15 
   3 
 -13 
 -27 
 -41 
 -45 
 -39 
 -21 
   3 
  30 
  60 
  81 
  88 
  86 
  72 
  48 
  21 
  -2 
 -20 
 -25 
 -20 
  -3 
  16 
  35 
  49 
  52 
  44 
  23 
 -10 
 -47 
 -78 
-101 
-113 
-103 
 -76 
 -34 
   9 
  51 
  83 
  95 
  95 
  72 
  36 
  -4 
 -45 
 -77 
 -95 
 -97 
 -79 
 -47 
  -4 
  35 
  63 
  88 
  94 
  84 
  58 
  27 
  -9 
 -41 
 -65 
 -82 
 -87 
 -80 
 -64 
 -43 
 -21 
   5 
  27 
  46 
  62 
  76 
  84 
  88 
  79 
  67 
  44 
  20 
  -9 
 -39 
 -69 
 -94 
-105 
-108 
 -99 
 -78 
 -51 
 -16 
  17 
  47 
  69 
  85 
  86 
  80 
  65 
  44 
  23 
   5 
  -5 
  -9 
  -4 
   2 
  16 
  28 
  33 
  32 
  26 
   9 
 -17 
 -46 
 -72 
-101 
-119 
-125 
-119 
-102 
 -70 
 -34 
   7 
  48 
  81 
 101 
 109 
 104 
  82 
  55 
  26 
  -5 
 -28 
 -41 
 -47 
 -42 
 -23 
  -3 
  23 
  48 
  65 
  77 
  82 
  73 
  59 
  38 
  15 
  -6 
 -28 
 -45 
 -66 
 -80 
 -87 
 -94 
 -93 
 -95 
 -95 
 -85 
 -74 
 -59 
 -43 
 -28 
  -9 
   8 
  29 
  45 
  60 
  71 
  82 
  93 
 102 
 103 
 102 
  88 
  73 
  52 
  27 
   2 
 -22 
 -34 
 -42 
 -40 
 -30 
 -17 
   2 
  13 
  14 
   8 
  -9 
 -31 
 -62 
 -83 
 -94 
 -93 
 -74 
 -43 
  -4 
  40 
  74 
 100 
 103 
  88 
  55 
  10 
 -37 
 -77 
-104 
-111 
 -95 
 -63 
 -25 
  20 
  58 
  80 
  83 
  71 
  46 
   7 
 -31 
 -66 
 -91 
 -99 
 -94 
 -75 
 -53 
 -28 
  -8 
   7 
  21 
  29 
  33 
  44 
  54 
  64 
  79 
  90 
 102 
 100 
  92 
  75 
  47 
  17 
  -9 
 -29 
 -41 
 -44 
 -32 
 -21 
  -4 
   7 
   9 
   3 
 -16 
 -39 
 -64 
 -88 
-100 
-104 
 -92 
 -70 
 -44 
 -16 
   9 
  24 
  28 
  20 
   3 
 -13 
 -28 
 -35 
 -33 
 -16 
  15 
  47 
  83 
 116 
 127 
 127 
 124 
 100 
  55 
  10 
 -34 
 -68 
 -97 
-110 
-110 
 -99 
 -81 
 -56 
 -38 
 -24 
 -14 
  -9 
  -4 
  -3 
   1 
   9 
  23 
  42 
  60 
  76 
  85 
  79 
  65 
  41 
   9 
 -31 
 -63 
 -88 
 -97 
 -91 
 -67 
 -32 
   9 
  52 
  82 
  97 
  94 
  79 
  41 
   2 
 -36 
 -68 
 -87 
 -85 
 -72 
 -40 
  -1 
  38 
  71 
  91 
  96 
  84 
  62 
  31 
   4 
 -26 
 -44 
 -54 
 -59 
 -61 
 -55 
 -56 
 -58 
 -64 
 -70 
 -75 
 -71 
 -59 
 -43 
 -16 
  14 
  44 
  69 
  87 
  91 
  79 
  55 
  26 
 -10 
 -38 
 -53 
 -59 
 -49 
 -31 
  -5 
  25 
  52 
  76 
  93 
 101 
  98 
  87 
  79 
  61 
  50 
  36 
  20 
  12 
  -7 
 -22 
 -38 
 -56 
 -75 
 -88 
-102 
-110 
-112 
-105 
 -98 
 -90 
 -77 
 -61 
 -39 
 -22 
  -2 
  20 
  40 
  61 
  71 
  78 
  78 
  67 
  55 
  37 
  18 
   9 
   4 
   5 
  17 
  28 
  41 
  52 
  54 
  44 
  25 
  -7 
 -41 
 -76 
-105 
-124 
-126 
-111 
 -82 
 -42 
   1 
  40 
  74 
  94 
 104 
 103 
  90 
  72 
  56 
  42 
  31 
  22 
  23 
  16 
   5 
  -8 
 -24 
 -48 
 -71 
 -90 
-103 
-103 
 -89 
 -65 
 -40 
 -10 
  14 
  30 
  34 
  28 
  11 
  -9 
 -25 
 -34 
 -35 
 -21 
   3 
  32 
  67 
  94 
 110 
 109 
  90 
  56 
  16 
 -30 
 -68 
 -91 
 -99 
 -87 
 -62 
 -23 
  20 
  59 
  83 
  96 
  87 
  60 
  21 
 -23 
 -62 
 -93 
-107 
-103 
 -83 
 -54 
 -16 
  23 
  58 
  78 
  86 
  79 
  61 
  32 
   3 
 -16 
 -32 
 -34 
 -24 
  -7 
  12 
  31 
  41 
  42 
  34 
  12 
 -17 
 -51 
 -82 
-109 
-125 
-122 
-108 
 -80 
 -41 
   0 
  40 
  66 
  95 
 105 
 107 
  98 
  79 
  61 
  42 
  29 
  16 
   7 
   1 
  -6 
 -14 
 -24 
 -36 
 -56 
 -69 
 -82 
 -87 
 -80 
 -63 
 -39 
  -9 
  27 
  55 
  75 
  85 
  82 
  63 
  36 
   1 
 -34 
 -60 
 -75 
 -78 
 -65 
 -38 
  -2 
  35 
  70 
  97 
 103 
 102 
  78 
  42 
   3 
 -40 
 -73 
 -93 
 -95 
 -80 
 -54 
 -19 
  23 
  55 
  82 
  88 
  80 
  56 
  21 
 -22 
 -64 
 -96 
-115 
-115 
 -95 
 -67 
 -32 
   6 
  36 
  56 
  58 
  51 
  32 
   4 
 -18 
 -38 
 -44 
 -37 
 -16 
  13 
  43 
  73 
  86 
  84 
  62 
  31 
 -12 
 -54 
 -87 
-105 
-109 
 -92 
 -55 
 -10 
  36 
  78 
 103 
 110 
  97 
  73 
  32 
  -4 
 -35 
 -55 
 -55 
 -40 
 -13 
  14 
  42 
  58 
  58 
  43 
  14 
 -25 
 -61 
 -90 
-105 
 -99 
 -74 
 -39 
   5 
  47 
  77 
  89 
  89 
  70 
  39 
  -1 
 -36 
 -68 
 -89 
 -96 
 -86 
 -70 
 -48 
 -28 
 -15 
   0 
   4 
   6 
   7 
  11 
  23 
  37 
  58 
  77 
  92 
  96 
  94 
  73 
  42 
   9 
 -31 
 -59 
 -80 
 -86 
 -77 
 -50 
 -14 
  25 
  57 
  83 
  90 
  81 
  55 
  22 
 -19 
 -58 
 -85 
 -97 
 -99 
 -80 
 -52 
 -18 
  26 
  54 
  76 
  83 
  75 
  55 
  24 
  -8 
 -43 
 -70 
 -86 
-101 
-102 
 -93 
 -74 
 -47 
 -27 
   1 
  25 
  48 
  69 
  77 
  86 
  89 
  87 
  81 
  67 
  53 
  37 
  23 
   3 
 -11 
 -28 
 -42 
 -53 
 -64 
 -76 
 -85 
 -88 
 -87 
 -80 
 -68 
 -55 
 -35 
 -15 
   8 
  32 
  54 
  70 
  82 
  89 
  94 
  95 
  89 
  83 
  75 
  68 
  59 
  45 
  28 
  10 
 -12 
 -34 
 -57 
 -77 
 -95 
-103 
-107 
-100 
 -84 
 -67 
 -48 
 -28 
 -14 
  -2 
   1 
  -1 
  -8 
 -16 
 -20 
 -20 
 -15 
   0 
  19 
  40 
  65 
  83 
  99 
 102 
 100 
  87 
  73 
  53 
  32 
  15 
  -2 
 -18 
 -31 
 -44 
 -51 
 -63 
 -76 
 -91 
-100 
-101 
 -97 
 -79 
 -61 
 -28 
  11 
  46 
  79 
 102 
 110 
 102 
  79 
  47 
  11 
 -27 
 -57 
 -78 
 -81 
 -70 
 -47 
 -14 
  24 
  56 
  78 
  89 
  85 
  67 
  43 
  13 
 -17 
 -43 
 -61 
 -67 
 -66 
 -53 
 -37 
 -18 
  -2 
   2 
   2 
  -9 
 -23 
 -43 
 -66 
 -77 
 -76 
 -67 
 -47 
 -18 
  22 
  61 
  96 
 126 
 127 
 127 
 125 
 100 
  60 
  20 
 -16 
 -45 
 -65 
 -72 
 -70 
 -53 
 -34 
 -14 
   1 
   4 
   4 
 -10 
 -30 
 -51 
 -70 
 -79 
 -81 
 -67 
 -43 
 -14 
  18 
  48 
  73 
  80 
  82 
  69 
  41 
   5 
 -27 
 -54 
 -72 
 -76 
 -64 
 -43 
 -14 
  22 
  56 
  88 
 106 
 114 
 105 
  88 
  60 
  27 
  -5 
 -36 
 -63 
 -80 
 -92 
 -96 
 -91 
 -81 
 -64 
 -50 
 -35 
 -23 
  -9 
   4 
  14 
  24 
  36 
  46 
  59 
  70 
  80 
  83 
  78 
  66 
  48 
  22 
  -9 
 -43 
 -70 
 -95 
-115 
-117 
-103 
 -82 
 -53 
 -21 
  14 
  42 
  67 
  74 
  77 
  64 
  47 
  29 
   9 
   1 
  -5 
  -1 
   9 
  28 
  43 
  54 
  61 
  53 
  37 
  10 
 -21 
 -54 
 -89 
-116 
-128 
-128 
-126 
 -97 
 -66 
 -28 
  14 
  49 
  75 
  92 
  93 
  84 
  64 
  40 
  14 
  -4 
  -8 
  -6 
   8 
  26 
  47 
  64 
  72 
  65 
  48 
  22 
 -12 
 -43 
 -70 
 -90 
 -94 
 -80 
 -54 
 -20 
  13 
  46 
  67 
  77 
  69 
  46 
  16 
 -20 
 -54 
 -79 
 -98 
-106 
-100 
 -84 
 -59 
 -35 
  -6 
  19 
  41 
  58 
  71 
  82 
  83 
  77 
  65 
  44 
  19 
  -8 
 -37 
 -64 
 -86 
 -99 
 -98 
 -86 
 -57 
 -30 
   6 
  39 
  64 
  87 
  95 
  97 
  93 
  81 
  71 
  59 
  53 
  48 
  45 
  36 
  22 
  10 
 -14 
 -41 
 -66 
 -88 
-102 
-102 
 -88 
 -64 
 -37 
  -9 
  13 
  16 
  12 
  -6 
 -28 
 -56 
 -73 
 -74 
 -63 
 -39 
  -2 
  40 
  75 
 100 
 108 
  92 
  55 
  12 
 -38 
 -83 
-109 
-115 
-101 
 -67 
 -23 
  22 
  56 
  78 
  86 
  75 
  52 
  23 
  -6 
 -22 
 -25 
 -11 
  14 
  46 
  75 
  95 
 103 
  91 
  71 
  36 
   4 
 -26 
 -44 
 -49 
 -39 
 -27 
  -4 
  16 
  23 
  19 
   5 
 -19 
 -47 
 -75 
 -95 
-108 
-105 
 -86 
 -65 
 -36 
 -19 
   2 
   6 
   1 
  -9 
 -28 
 -43 
 -50 
 -49 
 -37 
 -15 
  13 
  45 
  76 
 101 
 117 
 121 
 113 
 104 
  86 
  69 
  52 
  39 
  27 
  17 
   4 
  -8 
 -21 
 -41 
 -61 
 -83 
-103 
-115 
-120 
-115 
-106 
 -86 
 -61 
 -31 
  -6 
  14 
  33 
  42 
  51 
  60 
  64 
  70 
  76 
  85 
  92 
  99 
  97 
  84 
  68 
  38 
   6 
 -24 
 -52 
 -69 
 -79 
 -80 
 -66 
 -46 
 -24 
  -9 
   1 
   1 
 -10 
 -31 
 -53 
 -76 
 -87 
 -87 
 -75 
 -51 
 -19 
  16 
  48 
  73 
  81 
  73 
  53 
  20 
 -16 
 -48 
 -77 
 -86 
 -82 
 -62 
 -36 
  -5 
  24 
  49 
  68 
  77 
  78 
  77 
  71 
  70 
  66 
  66 
  69 
  66 
  56 
  41 
  19 
  -7 
 -31 
 -55 
 -71 
 -80 
 -74 
 -60 
 -38 
 -22 
  -6 
  -3 
  -9 
 -23 
 -47 
 -73 
 -87 
 -93 
 -85 
 -60 
 -25 
  17 
  60 
  98 
 125 
 127 
 127 
 105 
  72 
  29 
  -4 
 -35 
 -56 
 -65 
 -67 
 -69 
 -63 
 -56 
 -55 
 -55 
 -57 
 -60 
 -54 
 -43 
 -23 
  -1 
  25 
  51 
  75 
  88 
  93 
  90 
  70 
  51 
  27 
   8 
  -4 
  -7 
  -2 
  11 
  27 
  42 
  48 
  48 
  33 
  14 
 -19 
 -52 
 -88 
-116 
-128 
-128 
-118 
 -88 
 -53 
 -18 
  26 
  56 
  79 
  92 
  94 
  84 
  72 
  54 
  36 
  21 
  12 
   2 
  -2 
  -8 
 -16 
 -26 
 -39 
 -53 
 -70 
 -82 
 -85 
 -82 
 -67 
 -46 
 -16 
  17 
  51 
  77 
  99 
 112 
 108 
  96 
  74 
  41 
  12 
 -19 
 -45 
 -65 
 -74 
 -80 
 -77 
 -67 
 -57 
 -47 
 -40 
 -32 
 -23 
 -14 
  -6 
   9 
  25 
  43 
  65 
  80 
  95 
 103 
 100 
  89 
  63 
  31 
  -2 
 -34 
 -66 
 -90 
-106 
-106 
 -93 
 -70 
 -43 
 -10 
  17 
  43 
  62 
  67 
  64 
  50 
  30 
   4 
 -22 
 -47 
 -60 
 -66 
 -61 
 -46 
 -21 
   7 
  39 
  69 
  93 
 108 
 108 
  93 
  68 
  28 
  -7 
 -44 
 -80 
-103 
-113 
-112 
-102 
 -83 
 -62 
 -43 
 -27 
 -16 
  -8 
  -6 
   3 
   9 
  22 
  37 
  60 
  76 
  92 
  97 
  89 
  73 
  43 
  10 
 -27 
 -55 
 -72 
 -79 
 -67 
 -43 
  -6 
  27 
  61 
  85 
  91 
  84 
  65 
  34 
   0 
 -29 
 -49 
 -61 
 -60 
 -54 
 -35 
 -19 
  -4 
   2 
  -5 
 -15 
 -33 
 -55 
 -77 
 -94 
-106 
 -99 
 -84 
 -58 
 -26 
  10 
  48 
  84 
 110 
 126 
 127 
 119 
  94 
  64 
  31 
  -7 
 -34 
 -55 
 -64 
 -57 
 -40 
 -10 
  22 
  51 
  77 
  88 
  85 
  73 
  45 
  14 
 -18 
 -46 
 -65 
 -77 
 -73 
 -64 
 -49 
 -31 
 -20 
 -15 
 -22 
 -32 
 -42 
 -60 
 -73 
 -83 
 -78 
 -65 
 -50 
 -26 
  -5 
  20 
  42 
  61 
  77 
  86 
  90 
  91 
  98 
  94 
  88 
  79 
  65 
  42 
  23 
   1 
 -17 
 -29 
 -37 
 -44 
 -40 
 -33 
 -28 
 -24 
 -28 
 -34 
 -44 
 -59 
 -76 
 -95 
-107 
-105 
 -96 
 -77 
 -49 
 -16 
  25 
  68 
  95 
 120 
 127 
 119 
  96 
  65 
  31 
  -9 
 -40 
 -61 
 -71 
 -62 
 -40 
  -9 
  28 
  62 
  91 
 104 
 103 
  87 
  54 
  20 
 -15 
 -43 
 -63 
 -72 
 -65 
 -48 
 -28 
 -14 
  -1 
   2 
 -11 
 -27 
 -50 
 -73 
 -88 
 -96 
 -88 
 -69 
 -47 
 -18 
   7 
  26 
  36 
  38 
  28 
  16 
   0 
  -6 
  -4 
   5 
  21 
  44 
  71 
  90 
 106 
 110 
 102 
  93 
  71 
  50 
  30 
  14 
  -2 
 -19 
 -29 
 -40 
 -53 
 -64 
 -79 
 -91 
 -97 
 -91 
 -76 
 -57 
 -28 
   0 
  26 
  48 
  53 
  48 
  32 
   2 
 -30 
 -64 
 -86 
 -98 
 -91 
 -70 
 -41 
   1 
  44 
  82 
 116 
 127 
 127 
 127 
 107 
  77 
  41 
  10 
 -18 
 -37 
 -46 
 -53 
 -47 
 -38 
 -27 
 -24 
 -20 
 -21 
 -29 
 -38 
 -50 
 -62 
 -72 
 -78 
 -74 
 -61 
 -48 
 -28 
  -9 
  15 
  36 
  56 
  71 
  84 
  86 
  87 
  89 
  84 
  75 
  67 
  53 
  37 
  23 
   2 
 -16 
 -33 
 -50 
 -68 
 -80 
 -85 
 -88 
 -92 
 -89 
 -80 
 -68 
 -51 
 -32 
 -13 
   8 
  30 
  54 
  70 
  86 
  95 
  95 
  92 
  69 
  45 
  17 
 -15 
 -47 
 -74 
 -89 
 -91 
 -77 
 -53 
 -21 
  17 
  52 
  78 
  94 
  88 
  73 
  41 
   3 
 -37 
 -73 
 -94 
-101 
 -88 
 -60 
 -25 
  17 
  52 
  75 
  85 
  78 
  57 
  21 
 -19 
 -58 
 -86 
-102 
-103 
 -87 
 -59 
 -30 
  -2 
  22 
  34 
  34 
  28 
  19 
   1 
  -9 
 -12 
  -5 
   8 
  26 
  48 
  73 
  89 
 102 
 106 
  97 
  87 
  69 
  51 
  32 
  12 
  -4 
 -25 
 -40 
 -57 
 -70 
 -82 
 -95 
-100 
-102 
 -96 
 -90 
 -79 
 -67 
 -51 
 -37 
 -22 
  -9 
   7 
  24 
  39 
  56 
  72 
  82 
  85 
  80 
  63 
  35 
   7 
 -24 
 -54 
 -70 
 -75 
 -66 
 -43 
  -7 
  31 
  62 
  89 
  97 
  87 
  62 
  29 
 -11 
 -50 
 -76 
 -88 
 -89 
 -68 
 -39 
  -1 
  38 
  69 
  88 
  93 
  79 
  61 
  33 
   4 
 -22 
 -43 
 -55 
 -59 
 -61 
 -57 
 -51 
 -49 
 -50 
 -53 
 -58 
 -59 
 -51 
 -40 
 -20 
   9 
  42 
  77 
 108 
 127 
 127 
 127 
 112 
  81 
  43 
   0 
