0.420991
0.097226
0.460970
-1.892993
-1.596912
1.559664
0.605381
0.414726
-0.219513
-1.544322
-0.662337
0.332555
-0.609974
-0.385867
0.089516
1.257117
0.600821
1.080540
-1.022214
0.472785
1.144271
-0.916325
1.136131
1.216214
-1.008709
0.960431
-2.176037
-0.248561
-0.980936
0.084860
-0.222076
1.558727
-1.067043
0.195280
0.348980
-0.078185
0.532651
-0.684012
-0.478137
1.775217
-0.111128
2.384616
0.996541
0.274877
0.652637
0.072017
-1.176985
1.095463
0.064447
-0.767916
-0.140696
-2.317622
-0.260218
-1.737088
-1.116914
-0.350147
-0.671353
0.218705
1.700666
2.354288
-1.234939
-0.475110
0.899625
-1.837994
-0.867358
1.690090
-1.392609
-0.217459
-0.663921
1.077614
0.243838
-0.355898
-1.542195
0.962608
-0.096160
-0.885029
0.549602
2.338458
-0.156647
-1.235574
0.163452
0.028744
0.364611
0.927768
-0.522698
1.031193
0.073450
-0.262301
1.165432
-1.421965
-0.563098
0.668824
1.493682
0.507051
0.748377
-0.764505
1.188666
0.023217
-0.670391
-1.544415
0.511960
-0.632765
-1.185169
-0.467513
-0.045402
-1.751010
0.082407
-0.758357
-1.139149
0.118508
-0.144624
1.535014
1.731960
1.202702
0.261053
-1.726817
-0.087175
-0.113406
-1.024547
1.927535
-1.262086
-1.111903
-0.622052
-0.505038
-0.994442
-0.167501
1.040064
-0.464761
-0.700316
1.053820
0.055238
0.355307
-0.838678
0.119157
0.902471
0.386412
0.543279
0.830101
-0.660301
-0.613464
-1.076097
1.335989
-0.668191
-0.349068
-0.729841
0.105441
-0.986150
1.005505
1.614649
0.711604
-0.053869
0.114365
0.718193
0.645568
1.091379
-1.138875
0.166154
1.248466
1.049542
-1.554928
0.352897
0.601831
-2.126369
-0.409212
0.639580
0.105995
0.975902
-0.130466
1.668726
-0.594557
0.085972
0.125496
-0.307189
2.256417
-1.856841
0.192416
0.546167
-1.119378
-0.923104
0.145579
-1.250390
-0.190157
1.732813
-1.407738
-0.149587
-1.199614
1.231761
1.118283
-2.047463
1.494149
-0.186152
-0.780102
2.156744
-0.852700
0.210260
-1.919454
1.032700
1.237749
-0.065560
1.293887
-0.021251
-0.628956
-0.894804
-1.849376
0.100459
-0.700930
-0.283482
0.043686
0.464557
2.406986
-0.109415
1.804281
-0.240133
1.172981
1.887300
-0.010388
-0.299272
0.205506
0.374697
-1.441013
-0.464299
0.427487
-0.527404
1.630369
1.369762
0.011765
0.888298
0.372725
0.226286
-0.670768
-0.200753
-1.461466
0.111740
-0.793223
-0.276553
-0.035292
-0.944027
0.234735
-2.083081
0.179834
-0.787813
0.521638
0.758137
-1.255784
-0.551568
-0.644964
-0.609784
-1.531592
0.101969
0.848915
-2.118546
-0.599668
0.048737
2.196917
1.157746
0.493808
-0.742773
0.344915
-0.320960
-0.551950
0.857705
1.718494
-0.753001
1.567498
-0.156559
-0.675641
-1.924334
0.136359
0.930182
0.017183
-0.401924
-0.461723
-1.150236
0.886883
-0.451107
-1.079671
0.386647
0.183441
-0.852801
-1.518201
0.975248
0.317778
1.201785
0.919303
-1.726212
-0.159418
-0.520903
0.486862
0.577563
0.512608
1.160992
0.299332
-1.180856
0.290814
1.738564
-0.972713
2.318577
1.036780
0.353761
-0.210489
-0.916301
-0.469470
-0.339000
0.270026
0.427896
-0.045214
-1.066213
-0.070139
-0.680502
1.578992
0.656539
-0.636157
1.166226
-1.068956
-0.050429
1.993115
-0.197413
-0.178183
-0.356299
0.011625
0.371013
-1.046151
-0.426864
0.441255
1.526602
-0.472675
0.972963
0.597817
-0.882484
-0.698577
1.217700
0.058499
0.960118
1.214222
0.562835
2.051436
-1.395994
-0.711500
1.202006
-0.910918
1.544501
0.035460
1.048840
-0.736614
0.548638
-0.320632
1.196276
0.560605
-1.482685
-0.716810
-0.275656
1.535756
1.056335
1.919258
-0.826023
0.253278
0.056746
-1.360698
0.731570
-1.056414
0.075309
-0.694407
-0.818060
0.024482
0.463696
-1.116527
-0.948978
-1.298263
0.380877
0.358417
-1.334993
0.085458
-0.093125
-1.062357
-0.966491
-0.467006
-0.021946
-1.131349
-1.931170
0.710169
-0.026751
1.445865
-0.158344
0.565784
0.232379
-1.382724
1.344071
-0.806847
-1.942872
1.107520
-1.284302
0.030515
1.265579
-0.262541
0.797441
0.670142
-0.742247
-0.782056
1.312495
0.491258
-1.014869
0.455430
1.094897
1.000713
1.080176
-0.211899
0.954448
0.799395
-0.906620
-0.358349
-0.643420
0.613940
1.100380
0.035738
-0.569029
0.232723
0.481131
0.926086
-0.414163
-1.251393
-0.147687
0.415202
-0.240780
0.250720
1.036712
1.328948
0.722587
-1.933819
-0.394609
0.064938
-0.955195
-0.046868
-0.936460
-0.353720
-1.100213
-1.615707
2.120117
0.238053
-0.660046
0.687495
-1.415737
-0.196727
-0.553236
-1.374259
-0.301864
0.844810
-0.362510
-0.001272
-0.949966
0.679237
-1.347951
-0.969227
1.283611
0.478686
0.539723
0.538053
0.641540
0.915048
-0.392191
-1.112264
0.788186
-0.324985
0.386085
0.786771
0.731820
1.208778
-1.064257
-0.452843
-0.275765
-0.961693
0.102732
-0.388417
-0.270934
0.274421
0.454398
-0.578095
0.551075
-0.815684
-1.163157
1.924919
-0.535551
0.187571
1.855161
0.844128
-0.925251
1.045300
0.154385
1.095067
1.418817
0.430314
-0.666723
-0.634242
-0.006248
-0.853407
-0.446335
-1.166896
-1.069376
1.820829
1.236030
1.227314
-0.860733
-0.212679
0.670247
1.107927
-0.191659
1.863449
-0.447589
-1.517043
-0.609818
1.633084
1.783251
0.039005
-0.719410
0.898702
1.191666
0.027157
-0.726145
-1.093891
1.886388
-0.077701
-0.111938
0.406518
-0.342904
0.092263
-0.620683
0.260035
0.294122
-0.149704
0.032183
-0.570933
0.943082
1.766429
-1.622299
-1.023672
-0.354975
2.554852
-0.279572
-0.906759
-1.841632
-0.041139
-0.346600
-0.440960
0.642311
0.165575
-0.934942
-0.445214
-0.673807
-1.460344
1.593718
0.363028
-0.340348
1.325745
-0.229645
0.699902
1.007720
-0.576774
-0.203290
0.488427
1.418416
0.947846
-1.380306
-0.704697
1.265806
1.208872
0.725863
-2.295490
-1.166317
0.731488
1.055258
-0.304772
-0.781913
-1.052909
-1.688342
0.174012
1.645301
1.038564
1.403006
-0.790002
-1.891373
0.063038
-0.805874
-0.231450
-2.823568
0.822426
-2.115123
1.136360
-0.813151
-1.102497
-0.523722
0.632087
0.416704
0.289571
0.432551
1.486104
-1.844502
0.629935
-2.273154
0.319288
0.195405
0.584973
-0.653135
0.027632
1.153459
-0.293062
-0.380676
1.455374
0.073849
-0.388413
-1.269963
0.509989
-0.867279
0.182759
-1.731800
0.514760
0.926077
1.093820
2.120356
0.602289
-0.864557
0.543145
0.532535
0.396940
-1.580482
0.547157
0.042718
1.758253
1.607590
0.586443
-1.800562
-0.015870
0.826409
-1.760576
0.502126
-0.117891
-1.659253
1.142189
-0.512769
0.431920
-0.495171
2.635676
-0.747015
-0.442587
0.111547
1.518862
2.330599
0.041115
-0.158138
1.322306
0.474154
0.684450
0.717262
0.609935
1.406226
2.789047
-2.401166
-0.133654
0.276783
0.479443
-1.051886
0.451066
1.158758
-0.104337
-2.459019
1.518976
-0.098885
1.113752
-0.646569
-0.381480
1.164026
-0.820442
0.633873
-1.128224
-0.428303
-0.209345
1.353129
1.581688
-0.467421
0.300276
0.962048
-2.250907
0.990231
0.147576
-2.036182
-0.310623
0.709986
0.358243
0.105416
-0.544358
1.722767
-0.525986
1.326142
-0.790169
-0.562572
-0.509793
1.021219
-0.278209
1.173807
0.509020
0.304397
-0.227028
0.880326
-0.503853
0.366745
0.334926
0.695270
-0.075560
0.578712
1.325365
-0.992590
-0.258853
0.703640
1.438135
1.426053
0.952121
-1.254602
0.671658
0.207896
-1.011114
0.112847
0.921764
1.929708
1.707152
-1.683509
-0.560721
-0.541842
2.120085
-0.225179
-0.000295
0.404918
-0.628859
-0.224538
0.314112
0.004191
0.177742
0.338571
0.212370
-0.315648
0.194183
-0.667902
1.543013
1.592658
-0.558665
0.156229
-1.829527
0.247300
0.486941
0.005772
1.164522
2.602433
1.582020
-1.600518
-0.062222
-0.023233
-2.091803
0.676657
-1.432006
0.429497
-0.439408
-0.742983
0.680379
-0.229332
-0.294307
-0.112972
0.413664
-1.170753
2.281140
-0.185209
1.134953
-1.692039
-0.502633
-0.197400
-0.202085
1.185467
0.346303
-0.377260
0.248863
-0.219241
-0.560513
0.492520
0.296149
1.043381
-0.087258
-1.114564
-0.205526
-0.162605
0.782329
1.131418
-0.970788
0.003856
-0.455077
-0.129392
-0.006826
-0.073893
-0.990419
1.295609
0.438158
-1.756873
-1.028569
-0.763192
0.751863
0.829584
2.013329
0.503782
0.537826
0.399958
1.771981
1.052203
-0.615820
0.689347
0.188084
0.627610
-0.147264
-1.499670
0.687112
-0.367028
0.972855
-0.972540
-0.423526
-0.318679
-1.161947
-1.460064
-0.598283
0.207668
0.895393
0.902356
1.176970
-1.111681
0.622807
0.486755
-0.525116
-0.120266
-0.416309
0.545949
-0.571632
-1.451785
-0.802892
-0.091293
0.285964
0.626574
-0.276495
-0.110330
0.911295
0.820518
-0.584460
-0.322754
0.239833
1.232965
-1.003958
0.153702
-1.570793
-0.552589
-0.334566
-1.098391
0.499689
1.766182
-0.285000
2.084514
0.787671
-0.677360
0.128496
-0.410723
-1.822303
-1.471733
-0.483301
0.276847
-0.201683
-1.606841
-0.183377
-0.382627
1.991297
-1.267818
0.024856
-0.814667
-0.743477
1.400725
0.094162
0.274317
1.466735
-3.260999
0.464142
1.547295
-0.728497
-0.198106
-0.094236
0.885005
1.521056
-0.235558
0.070992
0.059212
-1.612631
-0.002240
0.097781
-0.033823
1.094793
-3.045659
0.125221
-0.286148
0.138520
-1.019836
-1.261810
0.018160
-0.178503
-0.454614
-1.025647
1.004324
0.393256
0.818113
0.144996
1.064739
-1.218377
-1.815286
0.747190
-1.286590
0.107090
2.034976
-1.033005
2.034004
1.212718
-0.446747
0.907735
0.145218
0.189867
-0.827541
-0.712396
1.624753
1.297427
2.198472
0.008451
-1.459247
0.673544
-0.514005
0.083788
1.331596
-1.714484
0.707864
1.142585
-0.343753
0.302378
-0.466077
1.083727
0.067362
-0.366674
-0.065695
1.043571
1.128374
0.202196
-0.947090
-0.380281
-0.901439
1.625327
-0.499020
-1.274113
1.422418
0.591202
0.602491
0.440482
-2.422659
-0.116821
-0.089525
0.029831
0.677316
2.045076
0.022278
-0.892177
1.639143
0.232285
-1.283182
0.494391
0.890646
-1.891685
1.248590
0.389214
-0.201253
-2.378040
-0.493396
1.637112
1.413704
-2.249518
1.223716
-0.316534
1.656571
2.687108
0.937431
-1.397307
-0.748100
1.081143
-1.617619
-0.588884
-0.995317
0.382974
0.148279
1.160215
-0.907472
-1.355068
-0.717344
0.078085
0.057570
-1.057708
-0.573165
1.633788
0.654947
0.038887
1.605271
0.164504
-0.275919
0.160630
-0.036259
-0.295050
-0.420446
0.821168
-0.290196
-0.852269
1.727506
1.111147
-0.892037
-1.126003
-0.026031
-0.830011
-0.768201
1.297375
-0.695049
-0.361289
1.093758
0.045476
-0.059349
1.146053
0.331738
-0.245700
1.393012
1.184120
0.532867
-0.662573
-0.431847
-0.423056
0.756770
0.736767
0.789826
-0.368032
0.662733
0.208526
0.281708
-0.882276
-0.283856
-2.447848
1.597887
-1.308414
1.253885
0.724899
-2.254653
0.332880
-0.040567
0.159022
0.097253
0.093268
1.520183
-0.495367
-0.678196
0.170074
0.591733
0.966727
0.443805
0.588850
-0.244183
2.418270
0.707160
0.289938
1.746726
1.244861
0.655920
-1.381279
-2.548059
0.037685
0.631926
-0.498340
-0.293531
1.719970
0.266762
-0.778835
0.161411
-0.213514
0.002960
-0.427346
0.128814
1.084769
0.788774
-0.838439
0.534731
0.891807
0.059017
-0.743164
-0.297921
0.007166
-1.374948
0.105854
0.734115
-0.449047
-1.767956
-1.639348
-0.361202
-0.430820
-0.260298
-1.061592
0.399283
-0.594953
-0.496331
0.904218
0.080623
1.753357
0.102956
-2.241061
0.498700
0.655456
0.067255
0.689437
1.026946
-0.671061
-0.271034
-0.421582
0.370528
-1.441505
-0.178061
-0.966621
1.127029
0.684782
0.520818
0.553473
-0.355149
1.053818
0.209215
-0.048630
-2.178177
-0.333846
-0.222141
-1.328947
-1.072041
-1.288430
0.525297
-0.332809
0.262646
-0.319074
-1.057758
-1.165488
-1.171571
-2.422995
0.759501
-0.740041
1.455668
-2.329187
2.208947
0.267577
-0.567091
0.728364
1.081643
-0.079894
1.667191
-1.373146
0.044952
0.771520
0.967229
0.462980
-0.168532
-1.801599
-1.320437
-1.537356
-0.251546
-1.720081
-0.451726
-0.651776
-0.645160
-0.758826
-1.876285
0.388617
-1.529695
-0.659362
0.876891
0.140316
-1.637885
-0.268031
2.385307
-0.007667
0.779762
0.304392
-0.998143
0.124328
-0.834810
0.163938
-2.061070
-0.992646
-0.184310
2.082980
0.311757
0.377020
-1.284525
1.447594
-0.722190
0.538084
-0.087493
0.363568
0.253763
0.992583
0.448364
-0.263652
-1.142606
-0.015922
0.608157
1.528476
-0.462991
0.085112
-0.472126
0.879433
-1.045022
-1.793182
2.596147
1.435846
-0.314212
0.116433
-0.210440
-1.009703
-1.794383
-0.276140
-0.232852
0.462097
0.215930
0.971766
-1.677493
1.971990
1.316971
-0.543868
-0.036278
0.646030
0.117250
1.390563
-2.444717
0.423031
0.371208
-0.505048
1.061622
0.469559
-1.511419
1.583482
0.272381
0.608730
0.183942
0.745416
-0.320077
-0.159618
0.909554
-0.372685
0.418038
-0.049092
0.419769
0.536783
-0.949773
-0.110606
1.220779
-0.202590
-0.792576
0.085536
0.448337
0.377527
0.245118
-0.850033
-3.548315
0.267725
0.780903
-0.597977
-1.222513
0.766785
-0.715211
1.470176
-0.079211
-1.032885
1.433611
0.399340
-0.398619
-1.428484
0.294911
-0.865369
-0.393227
0.137681
0.344147
0.413994
0.647535
0.295224
-2.394687
0.263401
0.156613
-1.433224
0.484577
-2.568943
1.084506
-0.075187
1.252436
2.404514
0.913729
-1.271209
0.040800
0.560927
-0.587578
1.430336
-0.834390
1.428734
0.501911
-0.210322
0.669768
0.905132
0.382425
-0.951155
-0.239177
-1.133071
-0.160386
-1.141849
-1.465647
-1.083878
0.452489
-2.058232
1.110479
0.309494
0.145267
0.096548
0.884532
0.234637
1.782933
-0.056984
1.803434
0.848553
1.752059
-1.043383
-1.457274
-0.269390
-0.264153
-0.265785
-0.114720
-0.547941
0.471405
0.644629
-0.589181
0.284224
-0.325355
-0.387423
-0.056355
-0.919290
-0.403361
-0.013433
1.937470
0.254015
1.168745
0.949558
-2.034894
-0.235362
0.047164
0.256655
-0.828960
0.293099
0.585519
0.389537
-0.950571
0.819485
-0.648609
-0.053737
0.672814
1.640239
-1.322034
-0.948111
-0.770180
0.426395
0.084547
0.055568
1.040577
0.389800
-1.449796
0.834310
-1.903837
1.123589
-1.216857
0.859768
0.494063
-0.152725
-0.953516
-0.461261
0.799874
0.146771
0.005802
-0.109514
0.549382
0.028727
-1.543144
0.127586
-0.177140
1.354526
2.080448
0.974587
0.303636
-0.307456
1.214096
-1.234632
-0.118811
1.054358
-0.683879
-1.158186
-0.983808
-0.283296
0.913169
-0.412820
0.167357
-0.208212
0.392192
-0.006143
1.064676
-0.114066
0.200036
1.123728
0.159571
-0.188400
-1.924215
0.588556
-1.901745
-0.830080
-1.273940
-0.093488
-0.786689
0.391897
0.382119
1.061406
0.141714
-0.775839
-1.018276
-0.859403
-0.194505
-1.739583
0.417560
0.721541
-0.259550
-1.212504
0.263999
-1.825415
1.241082
-0.097232
-0.703031
-0.676470
-0.550744
1.948981
0.680425
0.421278
-0.561950
-0.086078
-1.073956
1.224965
3.229681
-0.391706
-0.633945
-1.088006
-1.436986
-0.321176
-0.419151
1.169856
-0.471990
0.459760
0.269336
0.852175
-0.076004
1.409115
-0.974946
1.318757
-1.178237
-0.245370
-0.255799
-0.071201
1.242559
0.225859
-0.436332
0.879028
0.861114
-0.874328
-1.607855
-0.355859
2.333868
-2.305045
-0.232672
0.873251
-0.282357
-2.061085
-0.403078
-0.911756
-0.376969
-1.257902
0.382891
-0.445426
-0.635315
-0.765508
0.330814
-1.057337
0.557772
-1.932044
0.464381
-0.033498
0.877313
-0.095262
1.139094
-0.175147
0.723844
-2.323941
0.579479
-0.137335
-0.244851
-1.772861
1.096465
-1.415027
-2.301141
0.583239
0.112807
1.282425
1.653372
0.874289
0.948871
0.689174
-0.865079
-0.575021
0.321468
-0.633290
0.169622
0.423828
0.040789
0.454271
-0.107561
-0.364340
0.390580
0.430707
0.619890
-0.524525
-0.784493
0.001375
-0.579565
0.294071
-1.362556
-1.284383
0.183869
1.033799
-0.634116
1.358871
0.646056
0.506100
0.057082
-0.369472
1.344256
-0.333376
-0.776026
-1.081639
0.728686
0.519123
-0.111289
1.425669
1.425625
1.060080
0.052961
-0.764897
0.234075
1.060386
-0.724033
0.198333
-1.673627
0.606385
-0.428484
-0.280063
1.163037
0.324453
0.428419
-0.780994
-0.051712
-0.452463
0.324285
-0.367871
0.390942
0.536670
0.516762
0.736593
-1.156988
0.645270
2.019265
-1.446496
-1.590035
-0.238518
0.186845
-0.161461
1.056499
2.298071
-0.777546
-0.629537
1.198374
-0.049287
0.322127
-0.790659
-1.703968
-1.462501
-0.209743
1.336364
-1.399415
-0.786802
1.512873
0.497819
-0.849598
0.516112
-0.288626
0.470495
-0.562728
-1.625441
-0.156440
-2.213360
-2.269806
-1.062944
-0.835069
0.634408
0.155934
0.280982
0.362427
1.038901
-0.742556
0.260705
1.408087
-1.280887
-1.005542
-1.108631
-0.246877
1.693751
0.824820
0.988710
0.938034
0.016749
1.894595
-0.612770
-2.213031
-1.483074
-2.225363
-0.530309
-0.391400
1.040250
1.194765
0.408254
0.012304
2.438271
0.038838
0.214445
0.382452
-0.169818
-0.952258
0.155443
-2.261874
0.232930
-0.395390
0.735890
-0.058203
2.745974
0.512877
-0.363182
0.488426
-1.946060
1.044246
0.469708
0.588474
-1.535832
0.018221
0.148057
1.410884
0.253706
-1.098833
-0.497618
-2.201612
-0.444887
0.288319
1.145500
0.255483
1.014896
2.724170
0.066003
0.073402
1.557630
-0.007892
-0.556553
-0.036309
-1.686290
0.032339
0.597641
-0.019562
-0.953623
-1.263763
1.085510
0.037123
-0.320163
0.910067
1.210460
-0.231689
0.711635
-0.368337
-0.754477
1.460259
0.097143
0.137262
-0.031470
0.953612
-0.468212
-0.717142
-0.096935
-0.642178
-0.289768
0.730910
-0.091207
-0.825313
-1.368031
0.525216
1.143311
-1.668471
0.916576
0.505416
-0.059064
1.471702
2.057141
0.397725
-0.972515
-0.167913
-0.427880
1.066277
-0.383534
0.567455
1.063726
-0.182709
-1.732153
-0.456507
0.334207
0.977953
-0.204678
0.461956
-0.757501
-1.296264
-1.320913
1.041475
0.531140
0.025684
2.094214
1.553575
-0.325001
-0.194006
0.526488
-0.653682
0.636528
-1.073697
-0.461843
0.637890
0.862409
1.251020
0.075793
0.035207
0.574161
0.589329
-0.404945
0.251690
0.239395
-0.322944
-0.001289
0.151532
-0.413160
-0.896585
-1.159040
-1.135808
-0.322116
0.838578
-2.107488
-0.773354
-0.326169
-1.478599
-0.105505
0.560456
0.958530
0.764439
0.251746
0.809785
0.310711
-1.579722
-0.599234
-0.166153
-1.163827
0.322203
-1.599083
1.865846
-0.039768
0.435405
0.814896
-0.735089
0.388982
0.180332
-0.439708
0.593189
-0.734843
1.540624
0.666135
-1.314334
0.744231
-0.620745
1.885725
0.381386
-0.137414
-1.716499
-0.646852
0.446350
1.415351
-0.321854
1.586134
-1.288248
0.000545
2.515407
0.430007
0.017356
1.102915
-0.504730
-0.543545
-0.372038
1.282363
0.205812
0.687414
-0.127266
-0.793142
0.316257
0.442646
-0.594548
0.890584
0.110942
-1.631818
-0.532402
0.450066
0.662950
0.376919
1.937116
0.924285
0.682804
-0.200660
1.128814
0.944288
-1.609571
0.717683
0.695437
0.740359
0.072999
-1.589723
0.794983
-0.952563
-0.262997
-0.071010
1.705264
-2.123400
-1.328977
-0.331554
0.570729
0.413372
-0.880370
0.771583
-0.257205
0.204807
1.646980
0.346023
0.850535
-1.097373
-0.382058
0.905492
1.753053
0.216446
-0.238919
0.914782
1.490340
-0.752269
0.084902
-0.322555
-1.598924
0.308793
0.610064
0.754819
-1.335926
1.992608
0.353815
-0.445965
0.130871
-2.049858
-0.891294
0.913308
-0.240530
-1.618239
1.987828
1.088197
0.080882
-1.011838
-0.821901
-0.021567
0.072219
-2.438284
0.195417
0.180700
1.183894
-0.122028
2.452647
0.335337
-1.851413
-1.944419
-0.018224
0.691316
1.944114
0.403612
1.305508
-1.579989
-1.121052
-0.821553
0.423568
1.428195
-2.289898
0.571411
0.308860
-0.685290
-0.295715
-0.027927
0.187768
-0.973855
-0.646341
0.198396
1.401280
-1.361159
-0.286032
-0.045176
-0.230685
-0.347938
-0.405188
-0.716660
-0.918147
2.266593
-0.047036
-1.343089
-0.249196
0.598549
0.563945
-0.996422
-0.836249
1.426713
-0.657091
0.314924
0.548787
2.078459
-0.634421
0.554581
-0.832137
-0.883207
0.644658
-1.248376
0.444395
-0.927760
-0.361835
0.977249
0.657510
0.356282
0.367827
1.423501
-2.220852
0.543684
0.736548
1.067239
0.105276
0.768347
1.369209
0.890547
1.451888
-0.652998
-0.140763
-0.045867
-1.197816
0.838992
-2.208140
1.152254
0.796191
0.926909
-0.432883
-0.548144
-0.497315
-0.496483
0.278102
0.053162
0.157737
-1.284307
-0.137826
0.627847
1.100679
0.352238
1.226321
1.317397
-0.201230
-1.888930
1.394068
0.110649
0.512693
0.583051
0.544641
1.035741
-0.423545
0.029554
-0.031948
-1.019300
1.141615
-0.303567
1.747766
1.698536
0.387551
1.366696
2.357472
0.088922
1.210822
-1.650651
0.449249
1.154368
0.315116
2.812921
0.371177
0.958583
-1.301545
1.620104
-0.627001
1.960237
0.010132
-0.827884
0.758115
-1.182056
-0.388152
1.464139
0.608662
0.239775
1.550195
0.071682
-0.446592
1.453644
0.844963
-0.502599
-1.510459
-0.608382
0.259019
0.345752
0.233176
-1.310951
0.495267
0.235541
-0.309462
-0.997103
0.285413
-1.687732
0.983816
0.344876
0.705404
-0.244314
-0.825027
-0.690120
-0.403619
-1.211623
0.334534
0.164035
-0.385655
-0.912354
-2.515461
-0.681620
-1.606447
0.696145
0.475461
-0.532522
-0.117784
-0.442973
-0.779495
-0.073284
0.271947
-1.005155
0.841054
-0.171741
0.400144
-0.833144
0.023397
0.840009
-0.469083
0.969273
-1.295146
0.011322
-0.976269
-1.905905
-1.637439
1.427792
-1.951069
-0.489272
-1.034083
-0.554544
0.683104
0.235536
-1.428765
0.332064
0.484083
1.244905
-0.225841
1.083497
-0.196650
1.319919
2.055247
-1.129177
0.221589
-0.966873
0.741129
0.039933
1.005508
-1.246549
-0.743878
-1.676168
-0.213102
0.003060
0.177759
-0.327079
-2.323387
1.020111
1.660151
-1.095977
2.252500
-1.718124
0.031234
-0.904339
-0.660583
0.793378
0.230414
-0.918160
-0.416781
0.542691
-1.204939
-1.583534
0.022168
-2.035795
-0.869924
-0.566917
0.501040
-0.476596
0.644094
-0.500908
0.352764
1.056125
-1.486661
-0.163040
-1.735152
-1.301829
-1.528728
-0.125346
-1.156173
-0.442651
0.899936
0.180010
-0.411170
-0.173375
0.980955
-0.216027
-0.110607
1.027306
0.506358
-2.115382
1.446317
-0.936474
0.947156
-1.168371
1.154522
0.300328
0.435263
0.587048
1.478588
-0.283454
1.943940
-0.922875
-0.314068
-1.547159
0.896832
0.583605
-0.176721
1.621625
1.817189
-0.434471
-0.356632
1.398557
-0.390372
-0.158863
0.763208
-0.010470
0.102496
-1.637171
-1.006119
0.044130
-0.936782
-0.344186
-0.296911
-0.916329
0.785372
1.340551
-1.161341
-1.426449
-0.724074
0.716500
1.101378
-1.091300
-1.755472
3.111439
-0.785770
0.374876
-0.718136
1.429702
0.459310
0.239716
1.546012
1.310394
-0.743445
0.264689
-0.111452
-0.646103
0.795282
-0.351836
1.346781
-0.041993
-0.730337
0.289910
-1.018104
-0.148581
0.197533
-0.068270
0.707064
0.647257
1.414911
0.128019
-0.149586
-0.437105
-0.501865
0.146845
-0.013712
-1.566515
1.284425
-3.180500
-0.367167
2.057438
-1.302998
0.267016
-0.915632
0.133737
-1.109496
0.060509
2.193187
-0.926292
0.932122
-0.685938
-0.512136
2.518867
-1.182522
1.047126
1.079531
1.643120
-0.795252
0.400803
0.608600
0.571323
-1.378845
-0.680661
-0.699222
-1.311210
-0.441354
-1.912810
0.587641
1.168222
0.252206
1.327119
1.440171
-1.969320
1.281984
2.268980
-0.156364
-1.117806
0.103140
-0.274725
1.351975
0.946449
-1.748403
-1.293096
1.198539
0.007561
1.268410
-0.958440
1.754660
-0.877825
-0.211794
-0.346925
-0.556907
0.863018
-0.873599
-0.811978
1.645150
0.435322
-0.914826
1.611380
1.682015
1.582836
-0.764200
1.483500
0.582068
1.364447
-1.900388
0.468292
1.704596
0.493548
-0.441239
-1.855198
0.338463
-0.271874
0.673541
0.713196
-0.026103
-0.123122
-1.275013
0.875264
-1.117523
-0.660477
-0.563219
-0.024486
-0.918042
-0.109526
1.316613
-1.452499
-0.921447
-1.500826
0.191701
0.200281
-0.029621
-0.088154
0.536645
2.136440
-1.582867
2.191074
0.980743
-2.442601
-0.474855
0.102212
-1.395189
-0.724119
1.052441
1.097193
-0.596079
0.004721
-1.806566
-0.615794
1.884019
-0.621541
0.573142
-1.954093
2.207523
-0.131827
-0.564877
-0.616157
-0.751787
-0.329433
1.427716
0.681606
1.453771
0.704313
0.723566
-1.050450
-0.101986
3.040873
1.164368
0.160726
1.581189
1.323702
1.981383
-0.267226
0.233042
2.615001
-1.544479
-0.232037
-0.208723
-0.766685
0.821707
-0.807552
-1.050125
-1.321914
-0.564841
0.380750
-0.629586
0.572070
-0.150667
-2.378192
0.297265
-0.118679
-1.029676
1.054413
0.264895
-0.554291
1.130904
-0.406904
-0.812984
0.166123
0.597229
1.230678
1.349647
0.356292
0.380108
-2.026893
0.129372
0.023153
1.183113
1.607238
-0.450109
0.702184
0.375317
1.492656
0.527183
0.233886
-0.267313
-0.506384
1.015857
1.217123
1.415669
0.178510
1.493611
0.455530
1.243309
-0.017037
-0.848043
1.016486
0.874668
-1.172516
0.437675
0.697882
0.077545
-0.784479
0.438282
-1.314496
-0.697890
0.693290
0.048672
0.074226
-0.641827
0.003007
-0.488187
0.088162
-1.573239
1.252350
0.118922
1.112403
-0.243103
0.847118
0.690929
-0.286066
-0.132908
0.340858
-0.409642
-1.239791
1.042040
-0.304563
-0.628423
1.891293
0.534513
1.959267
-2.456203
0.991148
-1.218025
1.172155
0.218063
-0.590737
-1.149816
0.376496
0.097924
-1.579013
1.302326
1.837852
-0.326570
1.164889
0.007693
2.066351
-0.161703
-1.511579
-0.005620
-0.546666
0.894396
-0.312071
0.001998
-0.700577
-0.462713
-0.554163
-0.136341
0.853437
-0.462466
1.926993
-1.628969
-1.345724
1.741201
-0.691381
0.723920
-1.602255
1.368377
-0.401820
-1.557147
1.509458
-0.536832
0.390470
0.255830
-1.080858
0.439273
2.053158
-0.223519
2.090857
0.973205
0.770171
-1.551494
-1.063595
1.573138
0.514180
-1.752710
-0.784157
-0.931811
0.840207
-0.576404
0.257839
1.961700
0.950810
0.189790
0.135052
1.199535
0.329887
0.326361
-0.917977
1.851421
-0.173857
1.131837
0.429939
1.139598
0.871366
-0.502889
-0.310415
0.039966
-0.817153
-1.537943
1.147279
1.302489
-0.664786
-0.393686
-0.610637
-1.289910
-0.517572
-0.820096
-0.566810
-0.803306
0.625714
-1.843619
-2.047880
0.215399
-1.648543
0.629960
2.321023
0.262759
-0.876349
-0.621681
1.215731
1.213019
1.142267
-0.912625
1.494683
0.428015
-1.175336
0.625597
0.707523
1.793968
-0.235410
1.199905
1.110684
-0.259145
-1.077367
0.216618
0.479521
-1.521424
-0.426074
-0.221899
0.084338
1.407231
-0.092991
0.669778
0.062921
0.156290
-0.516460
0.256565
-0.133416
0.007112
-0.086450
-0.749610
0.182927
1.198271
-0.195454
-0.667026
-0.083582
1.100361
1.338479
-1.090842
0.459585
0.023405
0.023544
0.006240
-0.200475
-1.236825
-1.014661
0.167633
1.491672
0.107873
1.452270
-0.087514
0.544790
1.014548
0.945993
0.090563
0.210255
1.405132
0.035655
0.679375
0.684000
0.753780
1.309178
0.603853
0.993705
-0.965192
0.014940
1.782621
-0.222494
-0.446811
-0.379631
0.308396
-0.084402
0.783578
-0.829179
0.396610
0.751529
-1.421215
-1.867378
-0.393753
0.582244
-0.586619
-1.023919
-0.590631
0.022143
-1.224688
-0.731878
-1.421397
-0.124219
-1.541856
-0.032792
0.709356
0.898157
-0.684177
0.775067
-0.812377
1.509462
-0.027136
-1.384559
0.493122
-1.456383
0.467680
-1.154796
-0.086790
1.702214
-0.401107
0.595800
-0.361027
-0.073158
-1.171243
-0.039434
0.212249
0.276018
0.302403
0.512862
0.788760
-0.324816
2.474751
1.841016
1.286031
-0.278184
-0.183105
-0.433770
0.815679
-0.923886
-0.409402
0.082537
0.661046
-0.997355
-1.123500
-0.333120
-1.286939
-2.839572
-1.206276
-0.784269
-0.215032
-0.832506
1.701104
0.626448
-0.065209
-0.385103
-0.330950
-1.630069
-0.803136
-0.481944
-1.066650
-1.169451
2.856912
-2.305864
0.898321
0.958691
-0.239924
0.544958
-1.096899
-0.077136
-0.219748
1.417266
0.103613
0.194428
-1.175856
1.584755
-0.100159
-0.617235
-0.886888
1.128488
-0.842240
1.142374
-0.653372
-0.579440
-2.005480
-1.817551
0.003047
1.913779
0.065998
0.369480
-0.127267
1.018211
0.689362
0.304903
-0.557762
0.107318
-0.834495
2.118038
1.117676
0.197599
-1.061997
0.571001
-0.252962
0.074242
1.092175
-0.274371
0.837116
0.922897
0.625319
0.514919
-0.072531
-0.023316
0.562811
-2.166032
-0.574755
1.002359
-0.487549
1.891338
-0.094544
0.153984
-0.772024
1.085954
-0.221368
-2.128185
0.055275
-0.150697
-0.105375
-0.623950
0.097897
1.541800
0.266287
-0.624188
-0.304155
-0.147917
1.258669
-0.211674
1.149524
0.197110
-0.896841
-1.423468
-0.167483
1.158304
2.162962
-0.906273
-0.301586
1.110615
0.281812
-0.790417
0.358466
0.214415
0.348730
0.182081
1.832128
2.235479
-0.236395
1.650643
1.033740
-0.156477
0.058551
-0.522743
-0.752972
0.133943
-2.228928
0.485790
0.888139
0.098854
-1.040939
0.006404
0.180898
-0.203968
1.146716
0.698709
-0.056442
0.356612
0.842333
-0.569937
0.024698
0.421450
0.242639
-1.135896
-0.855185
0.558779
-0.589589
-0.288192
-0.005942
1.421423
0.167709
-0.381477
0.976431
-1.233972
-2.119762
-0.617592
1.072377
-0.544696
-1.146677
0.332928
0.213322
0.537498
1.290677
0.020779
0.265499
0.205878
-2.193409
-1.222213
-0.608813
-0.819717
-0.037797
-0.297851
-0.059636
-0.521012
-0.653327
0.621421
1.225063
-1.585784
0.282757
0.734426
-1.162254
0.459097
0.466032
1.235270
0.424434
0.738492
-0.334284
1.112841
-0.327608
-1.611114
0.234956
1.746517
-1.169015
-0.404825
-0.632716
0.070800
0.726879
-0.358114
1.191200
-1.576356
0.014302
0.275256
-0.884841
1.197795
-0.189250
0.016648
1.511628
-0.399440
0.189026
0.178018
0.762102
-0.645989
-0.543299
0.169008
1.137334
-1.671721
-0.734170
-0.012686
0.209689
-1.615445
0.297813
-0.145464
-2.372476
0.620946
-0.807923
0.203053
-0.261748
1.297080
-0.167069
0.502351
-0.872670
-0.411133
-0.320475
-1.321593
1.966633
-1.965087
1.191843
-0.621707
-0.085913
0.276659
0.685635
2.144441
-0.186734
-0.244834
-2.241828
-1.028448
1.971367
-1.624163
-0.956323
-1.483566
0.177602
-1.634025
0.891005
-0.012166
-0.612944
-1.249796
-0.539879
-1.166025
-0.570103
0.204489
-1.064163
-0.478861
-1.482293
1.828927
0.753266
0.091257
-0.042349
0.943982
1.123927
0.007641
2.230176
-1.844792
1.044141
-0.302173
0.075534
-0.140413
-2.388938
-0.850517
-0.497736
-0.074283
-0.681139
0.534873
-2.177980
2.113359
-0.542990
0.627008
-1.144255
0.800944
1.004937
-0.734745
-1.918310
-1.281322
0.359727
1.002325
0.652439
0.985823
0.449891
0.444309
0.969164
-1.051377
-0.421804
1.120652
-1.450587
0.285613
-1.696024
0.939110
-2.516191
-0.345447
1.433486
-0.634215
0.330572
1.815172
-0.298535
-1.554042
-1.649437
-0.763890
-0.508434
0.738416
-0.659086
-0.097966
-0.612321
-0.699138
0.143818
0.421567
1.913206
0.586176
-2.642544
-1.847929
0.392263
-0.912343
2.292716
-0.025455
0.981406
-0.846261
-3.255294
1.773035
-1.297379
-0.450598
-0.693515
0.173500
0.106977
0.906681
-0.920419
1.181886
0.787622
0.062323
0.514416
0.777973
-0.163108
-1.366606
1.174468
-1.065701
0.877127
-1.211249
-0.653705
0.013340
0.369712
-1.569522
-0.455412
-2.033478
1.781231
-0.514176
-0.259510
1.967367
0.535088
1.404618
-0.510828
1.910518
0.330243
-0.735600
0.487945
-0.032606
0.448650
-1.116675
-0.319356
0.566432
-0.986029
0.274245
1.135353
-2.236962
-0.692012
0.805852
-0.480413
0.219588
-1.467692
0.904198
-0.361428
0.676310
0.969876
-1.036188
0.742736
0.248101
0.353813
-0.335812
0.717332
-0.390205
-0.946747
-1.744477
-0.598211
-1.387012
0.421080
0.074216
-0.002287
-1.044175
0.292146
-0.395812
1.198218
0.544082
0.503163
0.703253
-2.005789
0.271006
0.193215
0.991077
0.343878
-0.214924
1.109536
-1.173667
0.333800
0.280551
-0.686082
0.249494
0.646532
-0.230641
-0.381635
0.733129
-0.753446
0.532514
1.168726
0.803414
1.247721
1.732721
-0.007176
0.001340
0.070336
-0.601561
-1.554292
1.347575
1.369797
-0.015015
0.975270
0.867929
-0.074754
-1.513289
-0.224567
-0.932335
-0.313958
0.295901
-0.145477
-0.208722
0.554315
0.254847
-0.264907
0.847742
-1.908950
2.483104
1.096131
-1.595256
-0.405188
0.642695
-0.966207
0.228670
0.183164
-0.834643
-1.236938
1.882588
0.060863
0.309296
0.429835
0.112506
-0.555560
-0.475193
-0.813291
0.021855
0.764495
0.669712
2.002864
-2.097260
-0.098331
0.301420
-0.098906
-0.479393
1.315943
-0.335442
1.454191
-1.335514
0.227562
-0.282239
-0.550689
0.988038
-1.505815
1.926270
0.388152
0.718524
-0.301865
-0.835881
0.265289
0.380478
0.289989
1.195849
-0.203849
-1.720863
-0.653813
0.855533
-0.646569
-0.515144
0.570585
-0.967871
0.894285
-0.305117
-0.296932
-1.120970
-0.266357
-0.064831
-0.138276
-0.483445
-0.856429
0.541023
-1.515084
0.400231
-1.185363
-1.188225
-1.661170
-1.513584
0.310739
-0.236567
-0.530912
1.199609
-0.010358
1.099941
1.162683
0.131097
-1.133510
1.587222
0.099972
1.372866
0.051898
-1.079391
-1.886546
-0.425750
-0.273809
1.540099
-0.352719
0.316023
-0.127264
0.394694
-0.794701
1.295460
0.219941
0.108350
0.829684
-0.632137
-0.322754
3.696104
-0.136050
-1.820335
-1.275847
-0.319936
1.350198
0.526935
-1.354848
-0.812893
-1.002897
0.505839
0.766198
0.385100
-1.479602
2.986813
1.259730
-0.663786
0.600938
-0.117765
0.325978
0.202677
0.482289
-0.518483
-1.155637
0.251628
0.556361
-0.889606
0.893871
0.930311
0.110696
0.943281
0.575452
-0.851752
0.666105
-1.055672
0.427440
0.176763
1.065868
-0.125434
-1.179655
0.429554
0.633107
0.354231
-0.774371
-1.477323
-0.513133
0.152771
0.286069
0.694357
-0.040952
0.872791
1.388205
1.954726
1.921572
-1.567801
0.119679
-0.115433
-1.260241
1.208260
-0.024006
-0.271484
-0.596373
1.560933
0.805941
0.433516
1.165750
1.161016
-1.422038
1.245069
0.241795
0.303926
0.752591
-1.474486
1.322535
-1.322243
-1.309491
0.142294
-0.770931
-1.244173
1.602460
-0.250528
1.309917
0.454432
-0.633229
0.845493
-0.219643
0.409123
-0.578992
-0.960121
-0.100838
0.895907
1.840278
1.514297
-0.329093
-0.055851
0.662996
-0.872119
1.195914
0.311926
0.104841
0.417779
-2.022969
0.926586
-1.636432
0.757823
-0.000167
-1.761646
1.033418
-1.820905
-0.323932
0.321561
1.049599
-1.223521
0.542697
-0.736553
-0.551471
-0.068749
-0.623599
-1.397844
-0.049565
0.634397
-1.330477
-0.220019
-0.247150
0.875526
0.922058
1.016334
-0.167650
0.823372
-1.249693
0.008188
1.641491
-0.849941
0.956235
0.194146
-0.948110
1.886069
-0.765722
-0.585918
-1.165655
-0.103516
1.532482
-0.698935
-1.227814
-0.636373
-1.587873
-0.053247
-1.238799
-0.773264
0.880547
-0.415407
-0.595412
-1.468595
-1.284949
0.118960
-0.723633
-0.614019
0.145159
-0.139698
1.162667
-2.008850
0.075548
1.209426
0.081342
0.124406
1.402567
0.428271
0.601163
-0.686893
-0.072616
-0.027588
0.585778
1.912916
-0.907655
0.304358
0.176976
-2.478658
0.676530
-0.130597
-0.681466
0.664466
-0.679548
0.933639
1.671322
-0.846989
-0.147981
0.963870
-1.275323
0.069434
0.851573
-0.237917
1.093791
0.169555
0.035527
-0.207363
0.881121
-0.913466
-1.761636
-0.849832
-0.800980
2.309255
0.771949
-1.623796
0.482264
0.001248
0.531499
-0.470512
-0.630525
-2.016853
1.021534
0.144916
-0.660899
-1.103599
-0.685622
0.135907
0.989299
0.947967
1.485582
-0.028522
-0.192551
-1.604079
-1.062301
-0.129541
2.266805
-0.240482
-0.269895
-0.836410
-0.881166
-0.710223
-1.051453
0.910040
0.602183
0.455120
0.079356
-0.117124
1.268711
0.277086
0.622534
2.402564
1.033677
0.755342
0.155338
1.306996
-0.908668
2.694412
0.277939
-1.201177
-0.283985
-0.059144
-0.364036
0.885607
1.416588
1.275475
-0.188506
1.197427
0.690536
0.040551
0.542307
1.376717
0.711506
-0.537797
0.485884
-0.323532
-0.496332
-0.444862
0.087152
-0.585714
-1.299577
-0.045423
0.841572
-1.127318
-0.424944
1.067089
0.814762
-0.647623
0.478756
-1.127737
0.644488
-0.100239
0.662654
1.267965
-0.508462
-0.123136
1.736016
1.366622
0.892468
1.755610
-0.455633
-0.291513
1.383426
-0.651035
-0.738163
-0.718220
0.224752
0.433552
0.554367
-0.413637
-0.207280
-0.337794
-1.197111
0.972071
-0.030509
0.351370
0.123253
0.576597
-0.547331
2.043323
0.036267
-0.923089
-1.428023
-0.028424
-1.164366
-1.444196
0.467346
1.339918
0.976620
-1.271714
-0.872090
-0.784875
1.808791
0.442118
-0.653527
-1.384268
0.445453
0.152891
1.329543
-1.437313
1.495197
-1.122840
0.055587
-0.304458
0.207117
-0.142940
-0.011671
0.127646
0.669184
-0.701714
1.306405
0.232728
0.735433
-0.104030
0.396709
1.531133
-0.325681
-0.899092
2.219290
-1.000818
1.710189
0.343385
-0.896530
0.022659
-0.799303
0.145581
0.298568
0.016475
-0.224120
1.272480
0.633668
-1.123148
-0.529407
1.218932
-1.525961
-0.322331
-0.615304
0.077621
-2.509240
-1.069053
-0.747658
-0.439990
0.225100
-1.741003
-0.234350
-0.883809
-0.642270
-0.312164
-0.132542
0.184939
1.080818
0.283517
-0.058024
0.699007
-0.601164
-0.691064
-0.320411
0.024074
0.012633
-0.046297
-0.835776
-0.877493
-1.634245
0.415795
-0.393577
1.234065
-1.341070
0.585670
-1.135642
-0.035555
-0.407791
1.485583
0.565909
0.190434
-1.021258
-0.392032
-0.261639
-1.018718
-1.311624
-0.972190
0.774701
0.163952
-0.792055
0.039934
-0.527908
1.971570
-0.785901
0.006502
-0.200039
2.465630
0.431203
-1.180824
-0.305328
-0.327904
0.603845
0.897366
-0.462955
0.402618
-0.007040
-0.059543
0.400808
0.276828
-0.234411
0.529992
0.466297
-0.700126
-2.380925
0.196089
-0.570409
-1.552129
-0.452859
0.433971
-1.082341
-2.234951
-1.127045
-1.066039
0.626585
0.854996
0.345785
-0.439912
-0.478337
-0.640182
-0.620439
0.808471
1.248925
1.874333
-0.110687
-0.635584
0.171870
0.015388
0.063846
1.604352
1.182064
0.906952
-0.317095
0.643202
0.312973
2.446444
-0.909758
0.184912
-0.691156
-0.988541
-0.277242
-0.398357
0.681825
0.726533
-2.068871
-0.230849
1.834533
-1.281402
-1.871809
0.267633
2.160759
1.027823
1.687902
-0.956702
0.142146
0.160738
-0.431241
0.105382
0.927931
0.028352
-0.169090
-0.167760
1.626155
-1.550995
1.037809
2.735758
1.447329
1.692147
-0.707289
-0.394086
-1.597316
1.271465
0.317626
-1.156272
0.102100
-1.178439
-0.214330
-1.188767
0.925607
0.552328
1.359198
1.013488
0.421887
-0.629249
-0.451862
0.465505
1.472326
0.312222
-1.194823
0.418395
-0.284125
0.754910
-0.693854
2.039564
-0.034740
-1.176447
-1.284573
-1.299549
-1.608659
0.514912
-0.953519
0.046854
0.436007
1.294651
1.349384
-0.717900
1.652018
-0.750913
0.821024
0.252412
-0.991752
-0.663559
0.530522
0.902606
0.622568
1.367943
2.559270
-0.146636
0.096750
0.316771
1.685515
0.340567
0.072974
-0.175110
-0.316139
0.161880
-1.194091
1.599437
0.607040
0.660080
-0.997487
0.118314
-0.763619
-2.858135
0.967432
-0.825104
0.866780
-0.269676
0.700791
-0.047568
-0.715575
-1.507009
1.521250
0.771230
-0.781815
0.553452
-1.343509
-1.331553
-0.493737
0.063457
0.399778
-0.044216
-0.128929
1.064025
0.026765
1.479677
0.712976
0.049935
-0.809133
2.710913
-1.559491
1.764203
-0.716922
0.998288
0.667393
-1.446404
1.684600
0.200172
0.477244
-1.111606
1.832428
1.245937
0.761768
0.067934
-0.012566
-0.351795
0.923355
-0.920486
-0.074054
0.352867
0.872687
-0.249704
1.404029
-1.601538
0.592708
-0.588515
-0.852734
-0.792023
0.882376
-0.887157
-2.289776
1.671731
-2.337505
0.022676
-0.106814
-0.476838
-0.088582
-0.337002
-3.370469
0.019020
0.774109
-0.434748
0.076223
-0.576890
2.248436
-1.442526
1.090184
0.935278
0.622011
2.014268
0.781238
1.723366
-0.657346
0.805424
0.542231
-2.226017
0.951675
0.229705
1.654593
0.841332
-0.033216
-1.606252
0.814310
0.525520
-0.965835
-0.167697
-1.332144
0.660973
-0.205853
-2.604233
-0.302497
-1.334498
0.351234
0.537576
-1.747851
-0.740099
-1.568823
-1.094780
-0.189157
-0.025698
-0.511483
-0.058689
-1.248114
0.939458
-2.170316
0.013100
-1.666490
0.777121
0.776534
1.715723
-0.621930
0.989288
1.104428
-0.137310
1.167538
1.037322
-0.496427
-0.043933
0.700367
-0.859467
-0.803468
-0.357644
-0.363910
-0.630496
0.097520
-0.800338
2.181469
-0.100561
-0.144440
0.613460
-0.527879
-0.753891
0.145186
-0.741153
0.831903
-0.868904
-1.254638
0.573199
0.824786
1.284711
-1.158161
1.061033
-1.282588
-0.153260
0.924912
-2.398629
1.579677
-0.967407
-0.623098
0.897869
0.547181
-1.917926
-0.286953
0.718522
0.365249
0.200335
0.694655
0.325014
-0.321191
-0.811156
0.821151
-0.286809
-0.343903
-0.205544
1.333697
0.393427
-2.104862
-0.260160
1.823317
-0.672809
-1.236242
0.745721
0.633578
-0.090928
1.561824
0.496523
0.518178
-0.150265
0.590019
0.272676
-0.610920
-1.086810
-1.325988
0.501199
0.480759
0.623264
-0.568963
0.448314
-0.784407
-1.127933
-2.694894
-0.469534
0.233263
0.685327
-1.673110
1.323537
0.453777
1.069049
0.023198
-0.779228
1.680983
-0.880127
0.708618
-1.861443
0.939869
0.885862
0.243804
0.193675
0.906265
-0.115927
-0.892734
0.870625
0.572506
0.390683
0.697749
0.772564
0.191313
0.087959
1.632038
1.307173
-0.992353
0.016300
0.293264
-0.604427
-0.779759
-0.178154
-2.839720
0.601847
1.690970
-0.127478
0.439331
0.478838
-0.992082
-0.238929
-0.938746
-0.179442
1.993435
-1.998847
-1.239134
-0.186643
1.045995
-1.555201
0.574292
1.165258
0.567457
-0.213588
-0.195923
0.125241
1.704008
-0.602377
0.821992
0.298049
0.756303
0.477510
-0.115004
-0.852906
1.321727
-0.591800
1.054260
0.661672
-1.283922
-0.723026
-1.927965
0.850774
1.742189
-2.828302
-0.396827
-1.289985
0.783174
-0.846021
-0.362312
-0.273406
-0.835765
-1.574185
-0.484423
-0.109699
-0.476388
-0.655713
0.523679
-0.124559
0.458383
-0.251858
-0.222465
1.674713
-0.354283
0.105857
1.390360
-1.417450
0.436841
-1.344055
-0.516640
0.646980
-0.260205
0.608902
1.995467
1.257668
1.472368
-0.973318
-1.017247
1.201878
0.844799
1.182285
1.401885
1.565586
-0.682644
-1.642225
-1.046315
-0.420945
0.561341
-0.850138
0.708561
0.581457
2.349499
0.588511
-0.098995
-0.415679
-1.012947
1.225982
-0.906652
1.434534
1.366820
1.754169
0.456141
-0.603400
1.809037
0.514027
-0.796718
-1.317933
-1.119230
-1.708625
0.338355
1.536483
0.209666
1.322444
0.606032
-0.010750
-0.105212
0.845822
0.333740
-0.101404
-0.838380
-0.056025
-0.658300
-1.237545
0.030598
-0.514830
0.563097
0.625311
-0.701795
0.673317
-0.364481
-1.087250
0.043197
0.314032
1.095589
0.838515
0.508310
0.303016
-0.187620
0.465314
-1.067049
0.899405
-1.351424
0.487602
2.259384
-1.103492
0.208655
0.407704
2.093978
-0.926562
0.744879
0.573313
1.613618
1.028889
-1.233248
0.116932
-0.207902
0.189538
0.777227
0.472825
-1.673297
0.024733
1.421564
-1.377547
0.499300
-0.923186
-0.645958
1.427211
-0.490457
0.093238
1.310778
-0.909513
1.558563
0.226728
0.182726
-2.151199
-0.622130
1.393207
0.222153
-2.121239
-0.997199
0.837886
-1.920860
0.331657
0.060573
1.045501
-1.424321
-1.603396
0.277724
-1.401409
0.931055
-1.910850
-1.222810
-1.377935
0.532832
0.294773
-0.457994
-0.924883
-0.442441
-0.883531
-0.082854
1.737306
-0.396817
-1.533864
-0.704948
0.384726
1.667462
-1.219352
-1.213546
0.819135
0.197124
-1.148045
-0.429242
1.991615
1.341249
-0.573608
-0.497074
-1.232668
-1.447927
0.431106
-0.885279
-0.542269
-0.665067
-1.343106
-0.376031
-0.063508
0.059168
-0.604221
0.942020
-0.712128
-0.454425
0.542160
0.881555
1.323062
1.869442
-1.509348
-0.194646
0.754725
0.705858
1.166800
-0.305057
1.339311
0.252249
0.495774
0.877118
0.227495
-0.515188
0.124798
-1.003680
0.354166
0.136599
1.525073
-1.108926
-0.361250
-0.846303
-2.066129
-0.307733
0.632413
-0.294144
1.162203
1.196896
-0.627915
-2.561035
-0.121330
0.080875
1.383680
-0.670937
1.494453
-0.462460
-0.054762
0.379368
0.587135
-1.213250
0.442546
-1.144468
1.073006
-0.127522
-0.179551
-0.673413
-1.208870
1.085553
-0.216177
-1.087307
-0.225688
1.309117
-0.556573
1.106462
-2.234039
-0.107492
0.217888
-0.890412
1.092305
0.076298
-1.176430
0.746645
-0.131177
-0.887183
-1.168431
-0.592883
0.372152
0.541593
0.239311
-0.366211
-0.679477
1.322682
-0.630735
-0.534605
-0.756225
0.836024
0.121474
1.156983
0.355473
-0.187875
-0.009724
0.885035
-1.420019
1.052403
-0.703042
-0.246239
-0.278625
1.515013
-0.840684
-0.354329
0.775876
0.080250
0.959302
-0.330342
1.555483
-0.458178
0.503098
-0.298409
-0.330884
-0.499702
0.662947
1.359030
0.510011
-0.194148
-0.248916
0.462396
-0.339081
0.205680
0.398370
0.229636
-1.489928
0.516789
-0.573681
-1.410173
-1.553518
-0.821195
0.043053
0.426322
-0.471230
0.196844
-0.361335
0.346380
-0.410162
-0.637339
-0.077913
-0.535043
-1.371354
-0.247682
0.076875
0.125340
0.327889
0.561182
0.421711
0.374105
-1.266527
0.909815
-2.329409
-1.044320
1.721078
-0.062370
1.302136
0.959735
0.338274
-1.167687
-0.926103
-0.176822
-0.478798
-0.216964
0.348883
0.895374
-0.566851
0.983128
0.176852
-1.561284
0.172502
0.209300
-0.742770
0.860361
1.145426
-1.214521
-0.704898
-0.204301
-0.134950
-1.829473
0.618619
2.282516
-0.524425
-0.769949
-0.320020
-0.918243
0.670331
0.384860
-1.708470
0.779170
0.559804
-0.778415
0.907751
-0.065167
0.651245
0.898732
1.062116
-1.812949
0.368285
-0.478973
-2.391709
-1.040950
-0.220891
-0.391848
-2.832029
-1.782281
1.561023
-0.861132
1.861231
-0.152154
0.207955
-0.471970
-1.514954
-0.545737
0.907153
-0.668198
-1.103136
-1.025802
-0.095347
0.768309
-1.235997
-0.233221
-0.032682
0.210713
1.902721
0.714771
0.842917
-0.809813
-0.395146
-0.476996
-0.565513
1.336511
-0.276322
0.373178
-0.489456
0.395430
0.718257
-1.041099
2.084796
2.124426
0.480352
-1.291374
0.196780
-0.055809
-0.579925
-1.383910
-0.706871
-1.025835
-0.281596
0.364186
-1.330405
-0.917832
-2.383030
-0.697256
0.392406
-1.006468
-0.512419
0.780244
0.176523
-0.902795
1.059174
-2.655046
0.361292
-0.454669
2.038134
-0.541868
0.576117
0.747298
-0.222749
-0.241016
-0.196318
0.273558
1.266242
0.910831
-1.687512
0.105591
1.698919
1.132649
-0.277714
-0.904721
-0.878538
-0.665359
-1.729910
-0.314849
0.209469
-0.041657
-0.301553
0.168600
-2.088868
-0.457031
-0.574737
-1.488735
-0.003695
0.513396
-0.999854
0.443274
-0.348953
-0.560021
-0.162634
-1.480696
1.962144
0.112324
-0.810305
-0.224832
1.210666
0.223012
0.611415
0.556292
1.095014
1.533586
0.582131
-0.299672
-1.256977
-1.127647
0.578772
-0.040554
-0.659681
-0.008453
0.339823
-1.196723
1.135502
0.412976
0.525910
-1.274470
0.362899
-0.421766
0.263619
0.123074
-2.135666
-0.822323
-0.150568
0.001090
-0.259559
-0.223629
-0.158706
-0.991913
0.816254
-0.772523
0.713433
-0.937669
-0.115922
-0.333881
-0.231951
-1.741283
-0.114530
0.119841
0.740702
0.715496
0.089174
-0.063722
-0.080225
-0.106386
-1.116252
0.121684
-0.156511
-0.233304
0.903302
0.088895
-0.477453
-0.831432
-0.863889
-0.504756
-2.124083
-0.690428
0.270544
1.790011
0.427217
-0.230742
0.795031
-0.254061
-0.339527
0.158226
0.191486
-1.192927
0.134707
-0.793913
0.491636
0.576030
-0.629229
-1.134009
0.154367
-0.220894
-1.902051
-0.811566
0.779524
-0.074462
-0.395934
0.886526
-3.025485
2.650589
-0.185222
1.896835
0.987598
-0.602285
-1.276002
0.324775
-0.388778
-0.560979
0.382166
1.204393
-1.643446
0.580531
0.507269
0.486066
-1.582657
-1.737413
0.075350
-0.831435
0.568169
0.672551
0.983239
0.420104
0.183906
-2.125757
-2.175841
0.516673
-2.476638
0.414892
-1.212985
-1.237557
0.179055
-1.294845
-0.272288
-1.304611
0.105015
0.240181
-0.068173
0.764172
-0.462781
-0.809669
-0.405517
-0.574144
-0.541171
-0.623903
1.127036
0.202385
0.350815
1.406357
0.644757
-0.577216
-0.694576
-0.598003
-0.327947
0.544224
-0.669745
0.288789
0.747411
0.703675
-0.003122
-0.760682
1.320606
1.227365
-0.660773
0.133692
0.021342
0.187076
0.702697
-0.253684
-0.382971
-0.547333
1.183712
0.990878
-2.424916
-1.112668
-0.006177
-0.647654
1.523162
0.977788
-0.077880
-0.610004
-1.530594
-0.802656
0.060405
-0.152520
1.194453
-0.493196
-0.553045
1.207940
-1.106163
-0.608604
-0.022887
0.863499
0.655610
-0.912122
0.329925
0.034151
-0.009702
1.120737
1.193599
-1.138486
2.633583
0.259285
-1.847614
1.842263
-0.505420
-0.295551
-1.128938
-0.896666
-1.398213
-0.291861
0.149106
-1.377691
1.455915
0.732936
-0.513713
0.233673
1.146855
-0.270765
2.258566
-1.054835
-0.357142
-0.964717
-2.487178
1.045246
-1.011786
-0.238118
0.587654
-0.399951
1.025586
-0.417938
-0.390769
-1.284723
-0.102495
-1.109382
0.176007
0.236683
-1.127713
-0.238008
0.492115
-0.271797
0.389041
3.039798
1.416642
-1.251621
0.885526
2.141738
0.884187
-0.278515
-2.589939
0.476738
0.467716
-1.531402
-0.346484
-0.008886
1.492704
-0.719470
1.354769
-0.537379
-0.426951
1.479636
1.073361
-0.634646
0.783996
1.044062
1.602139
-1.744114
-0.885423
-0.845918
-0.599092
-0.633744
-0.047749
-0.347199
1.210460
0.134238
0.225152
-0.892708
0.648619
-0.793237
1.430226
0.395532
-1.214168
-0.775237
-0.455428
-0.342632
0.802401
0.301917
1.495003
-1.020919
-1.237151
0.453890
0.338228
0.496720
2.501153
-1.814626
0.257217
-0.483061
-0.115656
-0.890048
-0.080253
0.334830
0.369091
-0.195117
-0.003491
0.688040
0.804418
-0.122513
0.060131
0.988136
-0.848423
-0.027517
0.718834
-1.187944
-0.132451
0.746126
1.687163
0.201788
0.206580
-1.159954
-1.186696
-0.280950
0.075045
-1.315104
1.582838
-0.660833
-1.240426
-0.264077
-0.383235
-0.627924
-0.124118
0.213428
-1.154707
1.385767
1.532129
2.427706
1.054917
-1.551957
-0.378214
1.474619
-0.797784
-0.374633
-0.762077
0.205942
-0.688342
0.987343
-0.097835
-0.806939
-0.270676
2.023347
-1.117648
-0.411946
1.175034
1.325573
-0.470200
-0.826056
-0.812395
0.214100
-0.613083
0.283839
-0.074558
1.049257
0.144332
-1.326271
-0.409577
-0.655957
0.549158
0.076842
0.457841
0.033014
1.213221
0.123071
-0.524508
0.749700
-0.382075
1.483595
-1.849151
0.700125
0.740129
2.055449
0.252161
0.684675
0.011471
0.317969
-0.304949
0.047983
-0.057291
-0.984872
-0.094021
-0.543887
1.344826
-0.989114
0.267022
1.266490
-1.750832
-0.327105
1.385337
1.189441
0.164960
0.113347
-0.012546
-0.521782
1.957432
-1.829150
-0.217163
0.121780
-0.409668
-0.066600
-0.157382
0.467528
-0.196786
0.795001
0.591914
0.307569
-0.980060
2.024158
-0.568384
-1.018820
1.006173
0.571399
-2.078651
1.741318
-0.518663
0.499114
0.931602
1.399157
-1.469705
-1.411339
-0.058330
-0.284277
0.348012
0.403915
0.770212
-1.201161
-1.866493
1.742177
1.586479
0.441696
-0.190909
0.718176
0.502723
0.666187
-0.809275
0.471047
-0.474155
-0.153351
-0.678227
-0.284173
-1.739693
-0.107615
-1.172478
0.782333
0.996509
-0.958941
-0.622495
0.391725
0.501649
-1.406061
0.325595
0.252112
1.344437
-2.535107
0.320454
2.036486
1.674528
0.059471
-1.298572
-0.691221
0.102755
-0.659637
-0.453200
-0.104283
0.780637
-0.679936
2.271815
1.305786
-0.247713
-0.854505
-0.178122
-0.380448
-2.185836
0.806901
-1.028033
1.003386
-1.425306
-1.069806
0.048368
1.378212
-1.314233
0.196832
0.182030
0.289464
0.722442
-2.255369
-0.627226
0.247949
1.117357
0.590749
0.528361
-0.742138
1.616813
0.066600
-1.784408
-0.469387
0.601980
0.780214
-1.062241
-0.321336
-0.671452
0.563917
0.921400
-0.222409
-0.086950
-0.828338
1.906170
1.308193
-0.917278
-1.090763
-0.319661
0.435629
1.138035
0.487621
0.968783
-0.779598
-0.028733
-0.016362
-0.183131
0.894181
1.728518
-0.370615
-0.274052
-0.533894
-1.726961
1.443005
0.884542
-0.839590
0.334072
0.219806
-0.890866
-1.033134
0.641848
-1.595011
0.036141
-0.038015
-0.438524
1.750014
0.996895
-0.249877
1.599858
0.612442
0.772461
0.657577
-3.405641
0.190742
-1.030468
-0.248373
-0.881135
-1.748147
1.615614
1.090261
-0.158808
1.190059
-0.912162
1.570213
-0.162738
1.049150
0.118078
-0.670750
0.616597
-0.706262
0.969554
-0.210690
-1.876358
-0.228897
1.848885
0.036054
-1.055556
0.555037
-1.310856
-1.836539
-0.439587
0.099063
0.355982
-0.854190
0.485226
2.552489
-1.113892
1.211690
2.161536
1.173611
-0.473382
0.344307
-1.395441
0.326330
-0.547394
0.144619
1.374606
1.544348
0.740858
0.051879
-0.257509
0.317847
-1.134834
0.547708
0.568477
-0.621639
-0.750410
1.719570
2.497494
0.202470
0.157083
-1.966535
-0.708671
-0.591407
0.715164
0.963049
-0.129253
-0.608858
0.182650
1.800930
-0.373544
0.096578
-0.777539
1.326427
-0.252867
-0.195836
0.513658
-0.687713
-0.389195
-0.198683
-0.771276
-1.417338
-0.675722
-1.438525
0.455232
0.108311
1.330623
-0.647189
-0.753907
-0.374441
-1.353367
-0.909943
-0.491000
-0.377760
-0.483575
-1.033940
-0.327050
-0.810504
-0.818030
0.386897
-0.617750
-0.140615
-0.328289
0.718527
1.505200
0.970270
0.442574
0.000993
-0.271972
0.813168
0.254921
-0.733638
-0.454762
-0.029541
1.095641
0.281172
0.806595
-0.338856
1.156861
0.282440
2.180272
0.568282
-0.080730
-0.889001
-0.020004
-1.359204
-0.347399
-0.132553
-0.140741
1.090565
-0.325838
0.691459
0.098866
1.546762
0.459435
-0.311710
1.034718
0.180369
-2.158615
-0.801874
0.519339
-0.777259
0.902233
0.039846
0.188280
0.032286
0.479950
-0.092394
-0.756404
0.260445
-1.720054
-0.941310
0.537337
1.137693
-0.134775
-2.269535
1.095419
-1.653944
0.001611
-1.396508
-0.865680
0.312401
-1.339354
0.454799
1.754389
0.335580
0.368234
0.168400
0.192187
0.978174
-1.208185
-2.566633
-0.516083
-0.336620
1.176409
1.431373
0.655278
0.748119
-0.028123
0.036559
-0.275436
-0.223846
-0.704019
-0.133988
-0.241929
0.344919
-0.713520
0.024401
0.507061
-0.351617
0.066227
0.329184
-0.090529
0.799024
0.332407
-0.604804
-0.512077
0.203970
0.314200
-1.549300
0.009899
-0.471065
-0.617435
0.939502
0.107739
1.286759
-0.236715
0.229872
1.866064
-0.636904
0.192443
0.376527
0.466911
-0.734461
-1.177258
0.622022
-1.034996
-1.067011
0.318774
0.955123
0.680563
-1.715314
0.450409
-0.346287
0.562206
1.646973
-0.609425
-1.703560
0.890727
-0.265524
-1.003588
0.277395
0.845039
-1.035967
0.572619
0.427624
-2.590251
0.748352
-0.629713
-1.516844
0.474514
0.116164
0.162936
0.810993
0.137064
-0.136682
-1.077403
-0.245696
-0.199985
2.943913
0.155673
-0.805715
-0.991241
-1.041359
0.976938
0.092325
-0.438378
-0.109117
0.123100
-1.249780
0.485932
0.390509
0.201219
0.540474
-0.267505
-2.070235
2.557063
0.803252
2.665108
2.540433
-0.652916
-0.075238
-0.939140
0.961269
0.541573
-0.811341
0.710073
-1.720945
-0.044036
0.958724
0.905464
-1.100238
-0.508459
0.248328
0.071117
-1.395917
-0.971905
0.828336
0.810062
-0.297966
0.728912
0.085105
-1.208079
-0.773242
1.568318
0.656490
-0.308284
-1.864648
-0.056078
-1.875216
-0.689746
-0.869418
1.168571
-0.238026
0.555959
-0.109929
0.551668
-0.364497
-0.743006
0.566228
1.520645
-0.657203
0.688969
0.907187
-0.386895
2.746362
-1.961581
-1.188327
0.675098
-1.575513
-0.875591
-2.219439
-0.179993
-0.452815
0.528346
0.632905
1.973413
1.141719
0.204950
-1.750765
-0.638214
-0.429569
1.265126
1.455840
-0.384932
-0.753323
0.756891
0.632738
0.621104
-0.238987
-0.516473
-0.348347
0.679004
-1.896711
-2.338694
-0.160408
1.041811
0.750752
-0.801541
0.131782
0.218454
-0.580771
-0.348269
-0.822822
-2.747367
0.547352
-0.759937
-0.244282
0.166308
-0.377703
0.461793
-1.241935
0.063772
-0.618838
1.013714
-0.289332
-1.363495
-0.895228
1.171454
0.120842
2.586698
-0.674253
0.764612
1.675911
0.861322
0.680121
1.344306
-0.028321
0.050069
0.901984
-0.632832
-0.370072
0.831800
-1.157833
0.592818
1.337390
-1.235792
1.020234
-0.455304
1.002936
-2.790761
0.836253
0.751247
2.175121
-1.833633
-0.212929
0.299264
0.763605
1.311680
1.178075
-1.433161
0.015484
0.892254
-0.398099
1.471852
1.170830
-1.036510
0.073943
-0.124444
0.053444
-0.654573
0.182282
-0.348747
-1.719404
1.674274
-1.755080
-0.057009
-0.097681
0.821809
0.932484
0.182702
0.345146
-1.723356
0.734108
0.512621
0.449377
0.334683
0.381399
1.914921
1.719850
-0.534280
1.163044
-0.347387
-0.500848
0.644221
-0.507103
-1.242667
0.057270
-0.940349
1.174033
-0.799597
-1.940404
1.571992
0.276155
0.392008
-1.571101
0.299706
2.348743
0.164467
-2.559258
-0.119718
0.973113
0.441664
0.352423
0.053818
-1.709667
1.153562
-0.679587
0.535290
-0.055489
-1.191345
1.138728
0.692413
-0.862211
1.468992
0.729119
1.918538
1.369666
-1.212234
-1.373893
-1.211892
-0.770380
-0.030698
2.096073
-1.710431
-0.722615
0.407934
-0.613538
2.109013
0.330221
0.487095
-1.783988
-1.650304
-1.915637
-1.315400
-0.074253
0.970306
-0.248767
1.267894
-0.531149
1.506543
-1.108022
0.484877
-0.198876
-0.888844
-0.535295
0.475466
-1.381827
-0.542144
0.532438
0.751364
2.654053
1.356635
0.647483
-0.757652
-1.613703
-0.703573
0.026927
0.982085
-0.391185
1.402245
0.865401
-0.563659
0.442537
-0.899054
-0.631259
-0.925717
-0.244059
1.447335
0.955487
1.055899
0.361257
-0.228821
1.913805
1.710445
0.213070
-0.083446
1.116652
2.103979
-2.069666
-0.523668
-0.613837
0.411537
-1.311940
0.476970
-0.715079
-1.228863
-0.407131
0.744648
-0.073778
-0.271301
-1.136117
0.183725
1.184239
0.621850
0.005242
-0.564432
-0.997490
0.044491
-1.283829
0.504760
-0.579122
-0.914373
0.864974
-1.525764
-0.889634
0.317778
0.768188
0.091778
-0.173002
-0.305894
-0.805962
2.510517
0.134598
0.465914
0.960636
0.897652
-0.797769
-0.271093
1.635433
0.335341
0.267858
0.049244
0.530846
-1.792749
-1.699954
1.384212
0.618955
2.698787
0.526260
0.257617
0.050194
-0.743467
-2.168130
-0.279399
-1.181600
1.430447
-0.260735
-0.187078
-1.088680
-0.777754
1.285627
-0.552085
-0.269985
-0.877415
0.049331
0.962170
-0.454648
-1.173254
1.853828
0.071960
0.962222
-1.002846
-1.864532
-1.174564
-1.823531
-0.281658
0.919926
-1.966800
0.954090
-1.269410
-0.372411
1.488687
1.434146
0.225845
1.778176
-0.703174
1.154055
-0.391695
-1.110339
-1.173117
0.286825
0.241008
-0.169168
-0.118256
-0.615839
-0.689295
-1.472426
1.495471
0.268862
-0.879295
-0.092190
-1.242734
-0.904682
0.184905
-1.541950
1.332502
-0.102355
0.280980
0.803230
-0.427818
-0.313779
-0.339618
-0.959878
-0.090249
0.152526
-0.244016
0.366317
-0.408522
0.835274
0.494249
-0.042942
0.547131
-0.555810
-1.710549
1.052420
-1.207954
-0.039632
-0.035318
0.823543
0.754719
0.871045
-0.614249
0.284384
-0.233575
-0.738214
-2.273894
0.294620
1.068254
1.740957
-1.196107
1.463606
-0.455477
-0.654063
-0.046648
0.779775
-0.527134
0.691007
-1.710213
-1.885853
-0.474140
0.802275
-0.291342
1.604235
0.377426
1.255683
0.082841
-0.560033
0.875833
-0.522554
1.181960
0.659042
-0.265323
0.904068
-0.636926
-0.473160
0.515905
0.362794
-0.468789
0.754001
-0.075669
-0.046316
0.655910
0.000829
-0.327611
0.343461
-0.152270
0.649807
-0.843067
-0.094196
-0.358138
1.502383
1.647958
0.895468
0.197273
-0.060972
-1.195781
-0.722201
0.518848
0.099225
0.258549
-1.037276
2.099056
-1.832964
0.487916
0.359278
-0.958623
0.017542
0.185531
0.377845
0.549408
1.399957
-0.305009
-0.161366
0.268785
0.177738
-0.785642
-0.355207
1.594041
0.635350
-1.112743
-0.066879
-1.535770
-0.880627
0.127576
0.176146
-0.551763
0.196853
-0.704615
-0.295367
0.669664
-0.277949
1.357420
-1.080186
0.564515
-2.685350
0.902922
-0.374748
-0.940409
-1.589856
0.948430
-0.102524
-0.343863
-0.977160
-0.511410
0.183005
0.429911
0.815345
-2.560085
-0.466284
0.573357
-1.140741
-0.009229
2.215205
0.071931
-0.789641
-1.627800
0.180715
0.305826
-0.803414
1.423061
-0.244508
-0.892482
-0.155293
-0.588396
0.330365
-0.543497
1.773517
-0.073415
0.047542
1.768180
0.631407
0.209618
-0.608449
-0.096840
0.267717
0.805679
0.242305
-0.659790
-0.050272
0.927239
0.005759
0.704368
-0.799673
-0.896054
0.148777
-1.128837
0.134537
-0.734913
0.107892
-0.406634
-0.378595
-0.716392
0.252967
-0.195714
0.129443
0.114610
1.715005
-0.625372
0.174006
2.069185
-2.039687
0.227654
0.073810
-1.259889
0.494831
-0.019381
1.052114
-0.712667
-0.396409
-0.796365
-0.399464
1.024767
1.525623
1.134783
0.122027
0.116935
-0.143251
0.102554
0.473139
-0.142501
0.560293
-0.685323
-1.520119
-1.843461
0.445466
-1.001107
0.030750
0.988188
0.050158
-0.069677
0.204118
0.046550
0.033956
0.435020
0.753027
0.732421
0.175170
-1.069827
-0.144395
0.077149
0.191640
-0.340630
0.268638
0.498013
-0.053480
-1.308511
0.712619
0.679646
-0.533511
0.213872
0.369175
1.321577
0.750948
1.040316
0.807905
0.849946
1.719270
-0.142347
0.749826
-1.090073
-1.023050
2.188412
-2.517498
-0.897391
-0.120393
0.087186
-0.427911
1.851947
0.739670
-0.655472
1.266301
-0.507250
-1.824079
0.200074
-0.903300
0.308932
-0.913351
-0.540703
-0.390204
-0.075583
0.141270
0.036458
-1.656212
-1.033257
-1.332912
-0.407016
-0.293813
0.695396
0.220699
-1.411642
-1.751038
1.847237
-0.908006
-0.325494
0.625581
-0.286444
0.884091
1.356474
-3.419152
-0.063876
-1.213090
0.062317
0.826029
0.296911
-1.745394
-0.027514
0.488578
-1.498597
-1.253290
-1.197754
-0.448171
0.541565
0.103595
-0.012942
-0.922350
-0.442101
1.795672
1.130685
-2.114541
0.671302
0.355512
1.781690
-0.023885
0.845754
-1.168748
0.525789
-0.450021
0.662996
1.326303
0.070116
-0.396879
-0.159997
-0.296315
1.536054
0.788070
1.989711
1.654878
0.430462
-2.461142
0.710007
1.454336
-1.690857
-1.139873
0.610887
1.568890
-0.580285
-0.016377
-0.892538
-0.603196
0.571946
-0.041109
-1.266280
0.049975
-0.940763
-0.213150
-0.727310
-0.906071
-0.963105
-0.309191
0.172592
0.184627
-0.167256
1.897883
0.357947
1.072934
-0.155477
1.612770
-1.002145
0.233397
-0.414888
1.585645
-0.840811
0.903303
-0.402663
-0.514053
-1.184039
0.534911
-1.091350
1.155591
-1.442505
-0.546471
-1.351884
-0.593644
0.691350
0.973664
-1.330438
0.452736
1.365976
-0.759042
0.616691
-0.267566
0.362901
-1.177832
-0.446324
-0.391673
0.996109
-0.744477
0.075576
-0.400934
-0.470940
-0.720771
1.577701
1.654520
-0.066735
-0.274566
0.128634
0.647959
-0.850489
0.948208
-1.206538
-0.318817
-0.115768
0.329451
-0.312222
-0.614177
0.116622
0.202962
-0.149632
-0.589142
-0.676426
-0.453587
0.416588
1.812490
0.396502
-0.035830
0.887023
1.019092
2.381033
0.805344
-0.397341
0.500750
-0.427215
-1.947234
0.578912
0.428709
1.307400
-0.628903
0.123422
1.187877
0.426169
-0.631752
-0.210271
-0.103978
-0.634827
0.496065
-0.002169
1.931512
-0.877962
0.543599
0.062730
-0.169999
0.035089
-0.900752
0.670540
0.091284
0.278137
-0.357309
1.042588
-1.422653
-2.701072
-0.495026
0.004000
-0.044231
-1.333919
0.491279
0.824950
-0.070816
0.705836
-0.624097
1.501628
-2.825532
-0.383736
0.338916
-0.287920
-0.723855
0.074575
0.185052
-1.146787
1.769224
-1.242392
-1.245932
0.198868
-1.055344
-0.034288
0.307973
-0.387302
1.469479
1.529300
0.639616
0.100565
0.400528
1.808819
-0.579923
0.994153
0.412875
1.074340
1.129823
0.150734
1.483945
-0.153426
1.342269
-1.274153
1.358806
1.732664
-1.196399
-0.062927
0.366242
-1.124379
1.900482
0.042437
-0.280680
0.935323
0.747823
0.659741
1.521011
-1.037463
-1.993229
2.364277
-1.300790
-0.663227
-0.366799
1.507036
0.314530
-0.278696
-0.507982
-0.547673
-0.277870
2.099094
-1.966423
0.692794
-1.168059
0.246444
0.690223
-2.299779
0.065467
0.585090
-1.184596
1.795912
0.375277
-0.837316
-0.164006
0.120970
0.909439
-0.807381
-1.076847
0.230896
0.669491
-0.034485
1.144381
-1.574133
-1.378579
0.813955
0.580716
-0.132273
-0.218242
-0.620960
0.737015
0.555453
0.039620
0.026585
0.369962
-0.992961
0.885591
0.941866
-0.578833
-2.114379
-0.769004
-1.169772
0.777213
-0.000149
1.757089
0.882364
0.530580
-0.172508
-1.097335
0.124388
1.580612
0.196418
0.052917
-0.942630
0.579594
-1.773761
0.383610
-0.480328
-1.010446
-0.450133
0.659381
1.336495
1.290810
-0.381322
-0.058043
0.606529
-0.823273
-2.032665
-0.065305
1.925416
0.925540
0.150292
-0.977563
-1.261909
0.601861
0.452618
1.781304
0.523428
-0.835662
0.154309
1.603629
1.655873
-0.210292
-0.972288
1.141984
1.046165
0.698614
-1.941774
0.489525
1.552138
0.257972
-0.354037
1.521315
1.817898
1.075948
-0.640516
-0.663146
-0.328895
1.075981
1.278711
1.249460
0.591706
-1.411478
0.899309
0.958097
-1.157653
-0.252368
-1.144376
0.625553
0.266881
-0.757715
0.673808
0.611090
-0.058738
0.529198
-0.134273
-0.800432
-0.713148
-1.159575
1.601829
0.826832
-1.586135
-0.080119
0.892264
-0.195371
-1.685929
0.825616
1.513962
-0.468609
-0.884642
-0.083722
0.463777
0.632341
-1.483768
0.353103
0.133833
-1.329753
-1.136487
-0.116118
-0.296495
0.599987
0.885316
0.064742
0.374749
-0.139236
0.032520
-0.371696
1.802667
-0.235817
0.700954
-0.680215
1.135422
0.258406
0.801618
0.071755
-0.016604
-0.882275
-0.880497
-2.365147
0.233559
0.368552
0.729086
-0.682555
-0.791422
-0.531819
0.537739
2.299009
-0.439551
-1.330349
1.234087
-0.524532
1.721614
1.498047
0.058988
-0.871293
0.407244
1.346497
-0.339336
-1.823702
1.127390
0.803367
-0.380478
-0.525143
0.112193
0.303434
0.703894
-0.085898
1.180350
-0.045121
-0.387384
0.534795
0.827565
0.470536
-0.841302
-0.408183
0.008568
2.545165
-0.626985
0.248212
0.708377
2.465886
0.749773
0.218183
-0.610933
-1.242771
0.192684
-0.070084
-1.473199
-0.178132
0.175867
0.569625
0.584596
0.671911
0.260470
-0.987351
-1.576937
0.342730
1.337912
-0.759541
-1.199016
0.183133
0.580738
1.066938
1.012338
0.052871
-1.015090
0.781163
1.782305
-0.825181
0.372775
0.018290
0.560553
-0.265743
0.023687
-0.248397
1.583816
-1.413302
-0.527796
-0.522831
0.352829
-0.296889
2.364934
-0.740043
-0.054431
-0.290254
-0.801387
0.589908
-1.410346
1.128746
-0.524783
0.492854
0.794384
-1.177231
-1.225989
-0.214165
-0.038576
-0.940323
1.149280
-0.325307
0.654067
0.327612
-0.422363
0.874432
0.567590
-0.742890
1.601209
-0.926529
0.132292
-0.424779
-0.504817
0.483443
-0.711591
0.239431
-0.670071
0.443241
-1.141495
-0.742541
0.894436
0.980439
0.573684
-0.464521
0.402543
-0.013023
-0.816886
0.164954
0.078561
-0.128378
-0.575137
-0.761402
0.202254
0.941745
-0.871048
-0.212037
-0.855711
1.066796
0.501003
0.079875
-0.618831
0.420582
-1.059662
-1.085000
0.001399
0.797648
-0.434425
-0.074057
0.329817
0.918010
0.828071
-0.266545
1.062145
0.131742
-1.467029
1.476918
1.253878
-0.838397
-0.431909
1.521769
-1.502888
0.074664
0.041428
-1.260559
-0.880265
1.720816
-0.457575
-0.181415
0.204810
0.766061
-1.110687
-1.594041
1.926461
-1.541897
-2.257231
-0.024454
-0.451918
-1.562289
-0.469100
0.215876
-2.399674
-1.378193
-0.400439
0.299831
0.133027
-1.105361
-1.718628
0.179320
1.618714
-1.654717
0.321599
-0.283292
0.690149
0.930249
-1.602469
1.207584
-0.445156
1.985274
0.038375
-0.811259
0.167870
-1.238145
0.637275
0.598923
-0.499430
-2.078728
-1.488668
-1.347300
0.011759
0.761204
-0.268762
-0.775415
0.684201
-0.335258
-1.082716
1.063074
-0.736459
-0.769402
-0.224479
0.257240
-0.323141
-0.449888
-0.012019
-0.382118
-3.304413
0.532701
0.261955
-0.416458
-2.084992
0.593435
0.906588
-0.860408
-1.489502
-0.630573
-0.709852
-2.015052
-0.655447
-0.342709
-0.290745
1.022338
-1.008630
0.139977
0.340419
-0.768426
-0.410460
1.115571
0.522620
-0.250428
0.217815
0.893297
0.451310
2.234841
-0.688786
0.829120
0.401580
1.464633
-1.640081
0.658423
1.130280
-1.507819
-1.971172
0.104937
-0.477228
0.341276
0.403183
-1.757520
0.530879
1.071946
0.547908
-0.160648
0.027297
-0.064568
-1.121691
-0.328690
1.864700
0.971384
-0.930487
0.294987
3.781919
-0.017626
-1.229263
1.273553
-2.286509
0.582568
1.644722
-1.258351
0.172141
-1.123890
0.974417
-1.387049
0.490392
0.830184
0.348545
-0.689273
0.762407
0.856957
-0.046479
1.357731
1.630747
-0.149570
1.144089
0.491197
-0.938999
0.914135
-0.371263
-0.485878
-1.193879
0.330740
-0.575254
0.952489
-0.385521
-0.995786
-1.615716
0.307107
1.274007
-0.093835
-0.436201
-0.401741
1.214171
0.818218
-0.149903
0.569179
0.817123
-0.256519
-1.326040
-2.170691
-0.100888
0.432328
-0.788696
-0.875445
-0.274155
0.751865
-0.402709
-0.568587
-0.296479
-1.244233
-0.193691
1.181382
0.459513
0.298323
-0.603246
1.802136
-0.532304
0.438941
0.083577
1.700117
0.250441
-0.154205
-0.316033
0.517039
0.651986
-2.009511
-0.063556
-0.799931
1.673260
0.369420
-0.217077
1.259223
-0.849113
-1.262010
-0.508703
1.919587
-1.361983
-0.036541
-0.777408
0.199892
-1.292372
1.618825
0.018978
1.701885
1.498328
-0.263071
-0.335580
1.455766
-1.451735
-0.695368
0.225370
-0.868521
2.157025
0.256047
-1.340777
-0.001982
0.548302
0.304149
0.406810
0.816987
0.844628
-0.253454
1.794389
-0.258601
0.551040
0.631500
-0.246104
-0.433887
-0.629349
0.936504
2.157092
-1.294381
0.203684
0.135508
-2.527882
0.918395
-0.411689
1.064195
1.042915
-0.998198
0.760037
1.869525
-0.848677
-0.513124
-1.321975
-0.110080
-1.771721
-0.270527
2.207348
0.971729
1.427382
1.238587
0.806741
-1.827708
0.690375
0.477369
0.877372
0.727968
0.295672
0.966497
1.821278
0.840552
1.389492
-0.132239
-0.384417
0.363227
-0.084403
-2.505113
-0.013027
-0.262363
-1.916571
0.576883
2.591009
0.739365
0.775375
2.155241
0.262350
-0.763649
-1.482254
0.032068
-1.368816
0.269182
0.351998
1.342728
-0.925259
-1.509296
-0.811949
0.520287
-0.494132
-0.638602
-0.174057
0.980799
1.590141
-1.250938
-0.578442
-0.941611
1.358585
1.143171
0.244949
-0.312998
0.074484
0.639466
0.809619
0.730967
-1.876133
0.147469
0.285027
2.013048
-0.602790
-0.872055
1.153478
-0.994568
0.287889
-0.431620
0.509763
-1.974826
0.569326
0.923923
-1.884016
-0.606338
0.183837
0.999848
-1.104836
-1.241728
-0.897896
-0.397441
-0.608071
2.064971
-0.547030
-0.252440
2.317047
-0.379205
-0.392477
-1.373448
0.595197
-0.171808
1.288499
1.149957
0.858705
-1.301762
0.277889
0.780110
1.590988
-2.290597
-0.258989
-0.257519
0.394805
0.746053
-1.083061
1.524288
0.314855
-0.235413
0.763049
-0.180786
-1.413155
-1.603707
0.832224
-2.314052
-0.497556
0.023529
0.058678
0.273766
1.228228
0.620982
-1.321787
-0.533862
-0.671007
0.107739
0.554087
0.417953
0.242681
1.612235
-1.196634
0.745910
0.310743
-0.186367
1.437312
-0.082472
1.152776
-1.641944
0.338463
0.949350
0.914065
1.354735
-0.745428
-0.205425
-0.434944
0.303025
1.090495
0.685614
-1.622563
-0.303602
1.239524
0.880546
0.933511
-0.209688
-0.120251
1.329745
-0.379456
0.471660
-0.676939
-1.165960
-0.503935
0.254630
1.267106
-0.268563
0.620432
-0.942087
-0.230608
-0.234452
-0.082338
0.311026
-1.951576
-0.197431
0.514208
0.453837
0.124301
0.485481
1.261774
-1.460516
-0.168006
1.308794
2.058338
1.165594
-0.273943
-0.563319
-0.703277
-1.954390
-0.287145
-1.223808
0.353844
-0.179656
-0.527353
2.040600
0.203692
-1.434892
0.307120
1.572170
0.688666
-1.280435
-2.244146
-0.765761
-0.293789
0.772248
0.421542
0.694557
1.969341
2.047876
-0.430137
-0.396362
1.523490
-0.732332
1.477554
0.382006
-0.956060
0.819193
0.759711
-1.244155
0.013924
-2.550658
1.031042
0.265406
1.875974
1.028879
-0.753969
0.158665
0.877701
0.190899
-1.268745
-0.251807
-1.226586
0.950484
0.132903
0.423157
-1.259569
0.544048
0.511941
-0.640835
2.765322
0.608426
1.514983
0.360148
0.409059
0.196457
-0.553668
-0.536572
0.425857
-0.208496
0.670925
0.752340
1.701455
-0.402145
0.222659
0.236259
-2.145024
0.036561
0.472738
-0.140467
-1.615775
-1.230815
-1.506571
0.574791
-1.112002
-0.088301
-0.306060
-0.258033
0.065430
-0.068557
0.080512
0.482378
-0.938912
0.727439
0.689214
2.195968
0.844362
-0.152174
0.273011
0.377167
-1.265915
0.735876
-0.126934
0.428725
0.352682
0.198179
-0.601813
-0.741765
-0.265592
0.333498
0.748016
-0.019720
0.094322
0.555489
-0.453524
-0.406011
1.602373
-0.077936
2.216502
0.687668
1.592306
-0.094406
-1.430080
-0.445870
-0.496907
0.449430
-2.341635
1.031127
-0.219922
1.840911
0.400955
1.214280
1.336506
0.927246
1.183556
-0.916935
-1.063507
0.029687
0.698844
-1.553988
0.714807
-0.372637
-1.024895
0.733085
1.289360
0.461408
-1.335221
1.402626
-0.552985
-0.826332
0.087239
-0.140605
0.421848
0.910282
0.845183
-1.570938
1.733885
-0.214407
1.171788
-0.066708
-0.350044
-0.192944
0.598332
1.240294
1.419739
-0.220124
-0.703640
1.455873
-1.668609
0.964527
-1.196673
0.569718
-0.894286
0.554959
-0.808219
0.171514
-2.304138
1.755213
0.311383
1.020439
0.569285
0.446169
0.181438
1.493279
-1.724739
-1.839870
0.010152
1.681751
1.162777
-0.103326
0.277940
-0.474733
0.341566
-0.879559
-0.116662
-0.554005
-0.920428
-0.408089
0.048699
-0.735322
1.476369
0.224095
-0.919084
-0.368776
0.618979
0.320097
0.026435
0.891455
0.006625
-0.339325
1.195065
-0.881957
-1.345899
-0.544609
0.867420
-0.559964
0.645114
0.322668
-0.357721
-0.109379
-1.559114
-0.429372
-1.873077
-1.125686
0.018536
0.019354
0.083504
0.051845
0.662508
0.666533
1.749048
-0.844699
0.439242
-1.543757
0.053898
-0.164191
1.919018
0.247329
0.747349
-0.274439
-1.188023
0.150613
0.173074
-0.722040
-0.311834
0.337000
0.962480
-1.216107
0.968172
1.688051
-0.282464
-2.019672
0.596231
0.417032
-1.243776
1.235738
0.738543
-0.489781
1.101840
-1.532047
-0.761690
1.680031
0.518647
-1.489150
-0.818718
0.474807
1.510733
1.086701
1.013812
0.803501
0.102528
-2.291819
-0.575624
0.468312
-0.352243
0.289722
0.179042
0.255403
0.187285
-0.424704
-0.528903
0.787726
-0.977193
-0.105100
0.046568
-0.534661
-1.199129
0.079725
0.047070
-2.143994
-1.316989
0.830435
0.213031
-0.326698
1.442829
2.132396
-0.827464
-0.133514
1.702805
-1.029647
-0.624380
-1.791738
0.100423
-0.193361
0.894498
0.691889
0.660597
0.045882
1.018970
-0.813015
1.222824
1.870131
0.787942
-1.458247
0.235063
0.953130
1.756099
0.047852
-0.947698
-0.644214
0.586275
1.172697
-2.475396
0.562024
-0.714973
-0.875095
-0.941393
2.883450
1.378083
0.548342
-0.456678
0.070453
-1.636501
0.601470
-1.171403
-1.362982
0.153195
0.591418
1.209877
0.757588
-1.309198
1.165335
-0.455389
0.393243
-1.430576
-0.292409
0.291865
1.175232
1.352870
-0.020504
-0.289306
0.183921
0.973102
-1.086021
-1.026184
-0.706751
0.829699
-0.720059
-0.414983
1.495511
0.703540
-0.403003
-0.400610
-1.649739
-0.105620
0.306436
0.293426
-0.334084
1.333431
-2.025361
-0.028832
1.490447
1.786716
-0.424902
1.144753
0.158405
-1.883219
0.058203
1.722419
-1.185873
0.194537
-1.122927
-0.542583
0.229911
0.050033
0.508787
0.665470
0.732313
-1.939252
-0.339488
-0.430202
-1.297090
-0.401746
0.005252
0.577378
-1.921793
1.793618
1.307862
0.755339
-1.311199
0.115806
0.902622
-1.144112
-1.643787
0.690150
0.217536
1.266291
0.146730
0.908456
1.733427
0.301349
0.561209
0.348678
1.002104
-0.367347
-1.945368
-0.047993
1.867095
-0.024812
0.777388
0.019481
1.067656
-0.217943
0.438393
0.234802
-0.887705
-0.597817
1.300270
0.719644
0.046840
-0.349249
0.978679
0.714377
0.578636
1.511683
1.664886
0.961486
-0.500365
0.558419
-1.657977
0.541108
-0.241426
-0.503293
-0.631340
2.344151
0.528349
0.938836
-1.825347
-0.669006
-1.244552
0.283715
-0.536339
-0.041550
-1.248855
1.011925
-1.393190
1.042921
-1.525081
-1.170125
1.942841
1.715798
-0.607501
-0.269433
-0.665592
0.105066
1.036668
-0.240146
0.298637
-1.377524
-0.943496
2.510504
1.552033
0.406725
0.593145
0.358345
-0.217222
0.547692
1.261323
0.685460
-0.125691
-1.528394
1.057233
-0.274832
1.738296
0.539877
1.063426
-1.338187
0.300024
1.189846
-0.259694
0.004911
0.727331
1.041174
-0.505574
-0.951263
0.759337
-0.659034
-0.306015
1.052150
0.136397
-1.307091
-1.157708
0.807651
-0.993887
0.325384
-0.173047
-1.351950
1.289374
1.425779
-0.108360
0.636368
0.502344
0.683610
0.708028
-1.131625
0.513148
1.571741
0.086051
-0.034425
1.650404
1.322163
1.136161
0.498440
1.731959
1.999321
-0.418088
-1.256170
1.054349
0.279348
2.926892
-0.735226
-0.482313
-0.423531
2.003675
0.585866
0.667409
-0.684425
-1.441626
3.029225
0.072454
1.070445
0.287213
0.835016
1.153831
-0.307961
-0.053230
-0.283669
0.960774
0.434037
-1.151239
0.351271
-0.449344
-0.944628
-0.310714
-0.162872
-0.577447
0.501901
-0.722287
-0.443506
-0.316690
1.245851
-0.377110
0.404636
-0.073300
-0.510924
0.868297
-0.991046
-0.479804
-1.219992
1.572662
-0.383437
0.449553
1.665067
-0.369870
0.835786
-1.073280
0.350306
0.487101
1.089099
-2.104517
0.633704
-0.911985
0.826923
-1.452787
-0.277681
0.580802
-1.658134
-0.822630
-1.610263
-0.622845
0.187750
1.139801
0.710744
-0.297690
-1.953043
1.171957
0.523030
-0.440146
-0.061930
-0.715701
0.505066
1.663591
0.355343
-1.395445
-0.497136
1.012085
0.223857
1.849269
-0.472610
-0.537843
-0.006608
-0.021372
1.285046
0.973681
-1.712864
0.554507
1.068533
-1.418009
0.510609
0.234282
0.702703
-1.474747
0.507077
-0.308444
-1.471812
0.043281
-0.292345
0.349620
1.225688
1.751966
-0.720311
0.354565
0.232524
-1.033772
-0.362714
-0.242016
-1.025191
1.725631
-1.424818
-0.470178
-0.079681
1.138616
0.096337
-0.447873
-2.800919
-0.810794
0.380454
-0.657362
-0.564989
0.641940
0.166202
-0.151937
0.167690
-0.150101
0.875200
-0.322428
0.915687
0.232042
1.026045
-0.647302
1.404201
-0.511076
-0.776158
-2.183206
-0.470477
-1.590819
1.581702
0.247866
-0.606178
-1.804591
-0.940548
-0.044091
-0.914247
0.655900
-1.266206
0.238662
-0.066067
1.886518
0.701592
0.356535
0.311487
-0.550525
-0.398647
0.554399
-1.397765
0.254886
0.495046
-0.733340
0.411613
-0.239911
-0.299306
-0.275857
-0.603693
0.146260
-0.633017
0.521518
-0.321787
-1.304653
-0.628229
-0.895600
0.364321
0.022681
1.017119
0.434587
0.234006
0.350695
-1.202090
-0.325929
-0.150940
-0.842281
-0.540801
-0.275149
1.057747
0.509155
0.293540
-0.871309
0.773351
0.527519
-0.304194
0.411606
0.925143
-1.460082
0.253346
1.006482
1.113096
1.529658
0.492753
-0.467907
0.818995
1.419121
0.008959
0.316547
-1.459921
-0.452093
-0.496943
1.528463
0.380147
-1.547393
-0.433094
0.984654
-0.635978
0.024269
-0.406954
1.091499
1.037790
2.050511
-0.189791
-0.375565
0.550948
1.718680
0.266613
0.222457
1.180851
-1.422394
-0.307628
-1.552985
-0.896381
-0.579858
-1.412753
0.234191
-0.354827
-0.892716
0.640015
-0.106167
-1.570987
0.348793
0.276787
0.492745
1.410629
1.183604
0.571265
1.407832
0.495646
-0.678823
0.895340
1.516052
-0.414316
-1.201367
0.704219
-0.003794
-0.249419
0.964813
-0.636199
0.611649
0.742771
-0.461403
2.005286
0.219976
-1.903801
-0.795816
0.736953
-0.016534
0.161568
1.099550
1.542469
0.601177
0.964551
1.834549
1.610182
0.689463
0.017794
-1.078088
0.784674
1.389384
1.949402
1.706188
0.097386
-0.401813
1.946617
-0.217672
-0.864097
-0.644063
-1.042173
0.151295
1.992492
-0.827670
1.003019
-0.177729
-0.196225
-0.750382
0.698758
-0.430527
0.103068
-1.318621
-1.123123
-0.709375
1.221366
0.074316
-0.105427
0.536063
-0.590939
-1.278261
-0.939175
0.286950
0.159406
0.372316
-1.060008
-1.530071
-0.403341
-0.129222
-0.723643
0.357602
-0.203517
-1.239911
-2.451733
-0.241829
0.293838
-0.659521
1.039226
-0.069656
0.852125
1.424862
1.153594
-0.857386
0.194788
-0.255729
-0.342573
1.833439
-0.281650
0.642177
-1.702440
-0.749674
0.492161
1.808609
-0.470182
-0.595428
0.506106
-0.266281
0.714215
-0.912881
-0.180790
-0.649395
0.300635
0.481304
0.220292
1.050763
0.001609
1.198804
0.400436
0.841247
0.702879
0.002657
-1.836687
1.031842
-0.489538
-1.895540
-0.009766
0.280527
-0.287862
-0.482196
0.962655
-0.584620
0.351180
0.556933
1.322853
0.149599
-0.430490
-0.829022
-1.503726
-0.447270
0.189385
-0.059926
0.682209
0.737170
-0.081629
0.077631
-1.020653
-1.510440
-0.474210
1.923472
-0.804640
1.809983
0.161687
-1.116814
-0.981520
0.638907
0.562506
-0.872712
1.626880
0.771703
0.845612
-0.264496
-0.681144
1.708968
-0.339427
0.731579
1.312107
-0.268523
0.670676
-2.425148
-0.034358
1.163290
-0.009625
-1.095833
-0.256327
-0.376424
-0.920448
-0.334051
-0.248915
-0.489284
-1.728647
-0.927008
0.602830
-0.797158
-1.788250
0.082968
2.421332
-0.140407
0.665426
0.872894
-0.976625
0.208845
1.094788
-0.444659
0.816796
-1.037137
-1.020091
-1.089720
-0.644505
0.594514
-1.263344
0.781543
-1.261818
-1.460288
0.515893
-0.630514
0.582686
0.727426
0.288454
0.772240
0.556356
-0.587853
0.593070
2.518663
0.861053
0.190222
0.841239
0.796866
-0.747537
-0.435671
-0.509355
-0.117358
0.273127
-0.792709
-0.050751
0.155046
0.515239
-0.598785
0.029437
-1.148561
1.969499
-0.894450
0.608268
-0.644172
-0.079135
-1.121906
-1.265102
0.477979
0.022655
1.103060
-0.580244
1.783149
-1.300998
-0.392535
-0.489856
-0.038714
-0.597623
-1.046466
-0.309554
0.503687
-0.299756
-0.177203
0.451045
-1.805700
-0.007713
1.318139
-1.057253
0.517629
-0.246733
0.838223
0.600868
-1.196850
0.083666
-0.755725
0.585704
-1.023727
0.267305
-0.696184
2.351908
-0.457794
0.609271
1.020182
-0.207051
-1.064836
-0.981304
0.743710
-0.360403
-1.078960
0.430047
-1.493815
-0.025229
-0.635560
-1.376252
1.424772
-0.465053
-2.789477
-1.008499
0.791698
-0.175703
1.266912
0.453924
0.551581
-0.795412
0.920450
1.344762
0.142299
-1.365728
0.348047
-0.097423
-0.621961
0.121772
0.530502
-1.493388
0.740461
-0.448082
-0.777635
0.904232
0.829003
-0.702297
0.583174
2.764910
-0.319283
-0.179471
-0.404608
1.352612
0.316727
1.280981
-0.498004
-1.228351
1.498491
0.031862
0.898502
2.168149
1.184848
0.770417
-1.225288
0.366453
-1.081985
0.044078
-1.034858
-0.193911
0.422477
-0.066151
0.613964
0.848636
0.194285
1.905075
1.753554
-0.143143
0.798166
1.695198
-0.279823
1.419614
0.670548
0.072365
0.489255
0.760688
-1.611863
-0.258861
0.743594
-0.211460
1.013096
0.180682
-1.894021
-0.433734
-1.741490
-2.027849
0.646453
-2.946273
-1.106490
0.398979
-0.020050
-0.783410
0.809618
-0.803868
0.373708
0.344418
0.663085
-0.595368
0.383894
0.914971
-1.515578
1.790918
-0.907610
0.240407
1.601192
-0.085820
-0.275863
0.370263
0.139758
1.128394
-0.272237
1.147071
1.546311
-0.118066
0.512830
0.209840
-0.983306
1.042379
-1.219800
1.728376
0.492919
0.520352
-1.870563
-0.331536
-1.465015
-0.395856
1.620182
1.414504
0.033933
-1.791947
0.841710
1.131602
1.170472
0.900104
0.436863
0.833203
-1.111683
1.964077
-1.291928
-1.494886
-1.065134
-1.438876
1.000566
0.610823
-0.132407
-0.969538
-1.590051
0.504391
-1.683966
-0.162406
-1.285180
1.070335
0.939894
-2.036643
-1.003230
1.066736
1.127293
-2.526044
-0.438555
-1.257156
0.224800
0.762444
-1.481776
0.006703
0.822684
-0.994646
-1.085723
1.483530
-0.241351
-0.224864
1.438217
-0.682494
0.073488
0.533689
-1.651665
0.834807
-1.092920
-0.692160
0.965639
1.345418
0.929966
-0.549436
-0.365750
0.578234
0.900985
-0.220918
0.901731
-0.600544
0.246116
-0.070473
0.671373
1.924935
-1.550980
-2.185474
-0.382475
0.767510
-1.558957
1.140305
-1.094949
0.303693
-0.387635
-0.098173
0.621244
0.417422
-0.106369
-0.268226
-1.311726
0.172428
0.023104
-1.867084
-1.960522
-1.641361
0.210132
0.215020
-1.244270
-0.044493
-0.177212
0.168612
1.243409
-0.217438
-0.552720
2.999711
1.154239
-0.830547
-0.318715
1.127785
1.324400
-1.194311
0.281619
-0.297788
-1.022460
0.546277
0.203904
-1.264629
0.739317
1.880400
2.433843
-0.731191
-0.615127
0.903692
0.123264
-1.119307
0.885231
1.093006
-1.169040
0.507098
0.474928
-0.771366
1.247561
0.277604
-0.374278
-0.349626
-0.920054
0.470573
-0.386402
-1.194353
-1.912926
1.321939
-0.438650
1.009980
0.612550
0.352589
0.220786
-0.785479
-1.200455
-0.588855
1.529005
-1.252776
0.879974
1.045478
0.096981
-1.719878
1.423162
0.815384
1.173108
1.977964
-1.965401
-0.911942
-0.200359
1.552961
1.442946
0.665980
-1.575507
0.933967
0.272148
0.163938
1.058099
0.247804
2.307878
1.645052
0.362270
-1.485435
1.328060
-0.274557
-1.611497
-0.879962
-1.379753
-0.975697
-0.794658
-1.434340
1.281147
0.371120
0.337365
3.109112
0.697458
-0.092253
0.115177
0.766193
-0.163037
-0.392798
1.073024
-1.904035
-0.582961
0.863325
-1.445097
-0.205219
1.642965
1.722816
0.621474
0.740324
-0.474066
2.393199
1.040684
-0.203592
-0.300976
0.207934
-1.374730
-0.865697
2.592002
-0.311092
0.411038
0.368502
-0.838314
-0.271413
-0.139397
-0.925720
1.169704
0.251552
-0.729554
0.717019
0.628625
-0.757125
-1.074311
-1.254390
-0.776720
-1.267068
0.289930
-0.573902
2.243177
0.491948
-1.107302
-0.743611
-1.723127
0.644423
0.612757
-2.976577
-0.890657
1.491472
0.174040
0.678786
1.566351
0.864022
-1.583997
-0.924089
-0.365030
2.050593
-1.698416
-0.335902
2.195923
1.313299
1.083924
-0.036006
1.566832
-1.991871
-0.445105
1.038318
0.092795
0.456892
-0.374433
-0.007514
1.061257
0.676582
-1.067430
0.811186
-0.430912
-1.733434
-1.625599
-1.119695
0.172629
-1.066516
-0.425248
-1.735885
0.208966
-1.805958
0.343895
0.160419
-0.435224
-0.009169
0.037814
0.723803
0.054567
1.356564
-1.331604
0.613153
-0.036598
-0.728794
0.919060
0.056651
0.650601
-0.003897
0.795130
0.467674
-0.821334
-1.619518
2.145776
0.607778
0.174372
-0.355836
0.396930
-0.470385
0.579369
1.230189
0.657323
-0.308756
0.773359
-0.462292
2.023884
-0.961869
-0.392385
0.351552
0.113685
0.871532
0.448144
-0.777484
-0.024872
1.169497
-0.011932
-0.613117
-0.203185
0.314883
1.578856
-1.002866
-1.147102
-1.155951
0.100875
-0.541366
0.836473
-0.027744
-0.010923
-0.148229
1.440087
-0.115163
0.415374
1.861574
-0.395528
-0.511848
-0.084024
-1.450602
0.162965
0.574330
1.320405
0.618110
0.049453
-0.708080
-1.297903
-1.259780
-1.578853
-0.862654
1.117695
1.069282
-1.892932
-0.381716
3.187589
0.218794
-0.111957
0.775261
-0.622524
-1.518238
1.276800
0.304684
-2.025099
-0.332135
0.160741
0.061159
-0.232137
-0.286118
0.341395
-0.327590
1.155087
-1.159998
1.328203
-1.074951
0.449294
0.287155
-0.838964
-1.310623
0.744577
-1.107249
-0.277361
0.043355
-0.359010
-0.082952
-1.185375
0.737745
1.388058
0.446535
-0.431362
-0.400473
0.237403
-1.446503
-0.020115
-0.281954
0.889616
0.172575
0.161607
2.155378
0.844041
-0.177295
-1.750143
0.251185
1.577475
-0.159728
0.450591
-0.789354
-0.744642
-0.044114
1.101888
0.680611
0.913039
0.670710
2.512556
0.713338
1.291843
0.093226
-0.686143
0.300661
0.531940
-0.011829
-0.455994
-0.037061
-0.538205
-0.842032
0.802678
0.298632
-0.944866
-0.317585
0.189753
0.942821
-1.411414
0.559774
-0.493112
-0.826372
-0.116915
0.917726
0.344422
1.882848
0.558664
0.904664
-0.510106
-0.132856
1.984388
-0.038105
1.325924
0.169679
0.441714
-1.175066
1.275449
-0.501022
-0.542182
0.363084
1.265386
0.022619
-1.063268
0.537173
-0.758525
0.126052
-0.587704
1.420918
1.206927
-0.718130
0.317539
1.133347
-0.376959
-0.412645
-1.182143
0.379452
0.757866
-0.216921
-0.245765
0.486158
-1.357921
-0.350227
0.297474
-1.267327
-2.569046
-1.890474
-0.093571
-0.882106
0.041963
0.512385
0.288625
-0.291175
-0.792372
0.462009
-0.312951
-0.011469
0.300519
1.146882
0.131944
-1.446626
1.590786
-0.832735
-2.029449
0.800459
-2.903370
1.250221
1.408265
-0.585368
-0.945908
-1.813476
-0.534769
0.366014
-0.460780
-0.081184
0.036629
-0.887883
0.670486
-1.671107
1.101553
0.157624
-0.134254
0.630559
0.290185
0.362891
-0.139154
0.327032
-0.381551
-0.472856
0.176737
0.088241
-0.563928
0.062908
0.406611
0.233386
0.697478
0.364663
-0.195316
0.620901
1.504449
-0.850639
-0.702719
1.621664
-0.686892
0.240060
0.820724
-1.366237
-0.800088
-0.638148
0.020428
-0.502247
-1.465299
-0.164136
-0.654159
0.377187
0.612837
0.296559
-0.213909
2.476445
0.612560
-0.891359
-0.518063
-0.148617
0.409612
0.096735
-0.408514
0.628714
-1.435706
-0.546198
-0.374637
1.757888
-0.667762
-1.165674
0.461840
0.483712
0.409115
0.244309
-0.432890
-1.516046
0.379627
-0.516750
-1.501701
-1.192424
-0.253448
-0.250203
-0.573411
-1.651371
-2.916156
1.168443
1.463247
0.201565
1.019972
-0.561894
1.282981
-0.538559
2.015926
1.735197
-1.014771
0.694727
0.693328
1.808245
1.284581
1.298666
0.533870
-0.570999
1.558557
0.452621
-0.331328
-1.306613
-1.891785
0.143368
1.044725
0.072023
-0.284521
-0.344233
0.429805
1.842916
-0.600917
0.781675
-0.400292
-0.260362
-1.436250
-0.989757
0.658991
0.261494
-0.087016
-1.034478
0.638283
-0.608804
-0.203466
-0.529559
-1.064667
-0.142762
0.774950
0.337670
0.464762
-0.973429
0.289023
0.338677
0.786258
-2.147072
0.356332
-0.065345
-0.064795
1.042204
0.189359
-0.665643
0.870821
0.618040
0.091805
0.608943
0.510180
0.737703
-1.158809
0.285027
1.462742
-0.771511
-0.167332
2.206023
0.171716
0.526817
0.753026
-1.394622
0.777152
0.239220
-0.152301
0.273331
0.624625
-0.543221
0.154877
1.402877
0.399505
-0.931559
0.676956
1.578254
0.491811
-0.657973
1.319551
-0.390291
-0.346620
-1.052416
-1.849755
0.157608
-0.237583
0.400688
0.091016
-1.111623
2.218203
0.164602
-0.746940
-0.283525
-0.476664
0.957934
-0.003012
0.539836
0.642488
-1.077605
-0.383171
0.508848
-0.869716
1.112763
-0.161492
0.560012
-1.805727
1.472251
0.246659
0.819412
-0.729177
0.842245
-0.806945
1.079235
1.115928
1.302788
0.318643
-0.537034
-0.709901
0.537268
-1.297495
1.620195
-0.169801
-0.506314
1.356297
-0.147368
-0.721662
-1.823338
-0.926529
0.287643
0.683541
0.466272
1.338592
-1.050291
-1.449385
1.180138
0.128127
1.425070
1.395307
-0.250151
0.538478
0.618669
0.947913
0.090788
-1.577930
-2.821639
-0.216159
0.208532
-0.333335
0.076059
2.277984
1.627541
-2.295089
1.302807
1.017837
0.132541
-0.704436
-0.820781
0.184104
0.604287
-0.806857
-1.921633
0.285594
0.335790
2.146665
-0.603868
2.412735
1.087403
-1.257220
-0.470950
1.024582
1.581794
0.530795
-0.660000
0.650009
-0.815367
-0.205457
-0.197388
1.302446
1.529214
0.911669
0.554609
-1.777531
1.068334
-0.881720
-1.101052
-0.650391
-1.107201
-0.156854
-1.475567
-0.505162
-0.322463
-0.504000
-1.621397
-2.341939
1.260277
-1.330213
-0.307230
-0.095249
-0.401197
0.209899
-1.264709
0.259214
1.207347
0.635418
-1.756478
-0.024783
1.073358
-1.026777
-0.202390
1.325790
-0.209767
0.879220
-0.891648
1.866120
0.558756
-0.777343
0.874412
0.422390
0.726619
-0.876513
-0.909987
-1.607576
0.994447
1.358384
0.341753
1.041566
-0.978688
-1.243065
0.465601
0.105404
0.041887
-1.198792
0.001583
1.419443
0.226837
0.381384
0.262164
1.251445
0.794079
-0.825769
0.196073
-0.273119
-0.858356
-0.938587
0.099882
0.760599
-1.387235
0.250359
0.957442
0.204202
0.351382
0.996130
-0.336905
-0.961346
0.618824
-0.959517
-0.905948
1.189352
-0.172071
0.246800
0.170887
-0.549798
-0.256897
0.172520
0.868659
-2.183216
0.916104
-1.185141
1.149161
-0.735970
-2.067693
0.517397
2.988714
-0.508954
1.004303
0.763634
1.152508
0.168356
-0.153851
-0.360033
0.944556
-0.013349
-0.408158
-0.239482
0.733186
0.302564
-0.114677
-0.299265
1.203773
0.171529
-1.425691
0.909026
-0.537502
0.004867
0.105111
0.000519
0.338232
0.387021
-0.204877
1.441501
0.006743
-0.735941
-3.102074
1.090001
0.820207
1.100709
0.969499
1.262514
-0.860226
0.304446
0.468310
-0.483929
-1.508816
-2.295594
-1.100922
0.600323
-1.246621
0.387312
-0.836337
0.076715
1.618310
-0.172695
-1.198213
0.175673
-0.882953
-0.905099
-0.960030
-0.563947
-0.121186
0.023480
-1.000228
-0.797635
0.362991
-0.128751
-1.334449
1.693064
1.242498
-0.503078
0.749167
-0.074745
-1.198482
0.857965
-0.958562
0.046500
2.261059
1.280636
-0.154644
1.342118
0.830093
0.422342
-0.888264
1.245487
-1.517065
-0.675162
0.814147
-0.828890
1.473529
-1.597745
1.261035
1.180737
2.641263
1.269467
-1.340096
-0.380207
1.239474
-0.335725
0.675446
-0.329425
-0.859752
0.208644
1.154003
-1.085700
1.055987
1.978276
0.703764
-0.941092
1.105969
-0.699611
1.522087
1.173435
-0.497743
0.323606
-1.219503
0.402122
-0.100101
-0.152981
0.716818
0.482194
-0.424921
0.175222
1.862884
-1.012417
2.101900
0.326428
0.799187
0.067352
-1.041026
0.406181
-0.343875
-0.368046
-0.870063
-0.011073
-0.184938
0.175175
0.637558
1.847769
0.576609
1.174437
-0.862525
-0.182541
0.362828
-0.404750
0.030007
-0.490634
-0.464370
1.171689
-2.237354
0.959583
1.020921
-0.321135
0.125075
0.272254
-0.441934
2.280157
-0.643973
-1.412023
1.477724
0.540859
-0.539703
-0.738097
-1.135319
-0.421104
1.028896
0.226998
-1.142707
-1.974333
0.183877
1.471154
-0.443817
-0.732387
-0.721554
-0.113700
1.448691
-0.295889
-0.127491
0.287667
0.260583
1.123975
0.714520
0.147486
-0.260034
-1.395555
0.359274
-0.206749
1.384161
-1.785052
0.657747
0.868270
-0.290388
0.198709
2.616461
2.031105
2.584994
0.026389
0.684402
1.839999
1.510985
1.437238
0.181752
0.231869
0.874991
-3.117408
-0.789458
-0.172340
-1.438459
-1.497480
-0.158392
-0.259914
1.572869
0.196615
1.739146
-1.087061
1.192969
0.509689
0.099715
0.879838
-0.978796
-0.631554
-0.695694
-1.040840
0.178892
-0.704087
0.585567
-0.592300
0.737607
-0.720686
0.857522
-2.046140
-0.247355
0.314578
1.747551
0.399626
-1.938710
-0.818913
0.172095
0.452280
-0.969376
0.289513
0.658839
0.041338
0.990991
0.437574
-0.336194
1.170010
-0.565725
1.691475
0.051517
-1.251915
0.261171
0.702749
0.561198
0.837489
0.531571
0.760764
-0.863680
0.981754
-0.811318
-2.232874
-1.137752
0.227986
1.430589
-1.082053
1.251313
-0.764200
0.176478
-2.274703
1.212176
-2.130227
-0.555800
-0.745954
1.149692
0.683423
-0.698435
-0.195707
0.188506
0.059540
-0.183798
0.779313
-1.927783
0.686697
-1.577562
0.669992
-1.870926
0.481064
-0.844363
0.050097
1.310402
0.005243
0.594126
-0.688949
0.226646
-0.547034
0.710889
0.363464
-1.312043
0.762464
1.203176
0.378692
-3.095088
0.280671
1.052310
0.003237
-1.019359
0.544149
-1.501951
-0.612391
-0.015020
1.591615
-0.272427
-0.297914
0.797290
0.150045
0.272373
0.727299
1.169715
1.112668
0.503836
-1.380028
-0.450699
1.659058
-0.272452
1.158012
-0.242622
-0.797141
-0.506985
0.816579
0.047541
0.326333
-0.853610
0.145210
-2.441664
0.591625
-0.526068
-0.522399
0.073617
-0.178446
-2.466207
-1.360331
-0.583472
-2.126914
0.692964
-0.640923
-1.026813
0.674579
-1.410015
-0.009994
-3.065847
0.283510
-0.188349
2.952321
1.401499
0.543946
-2.091279
-0.308073
0.337727
-0.893236
0.457670
-0.763708
0.785907
0.289185
0.164812
1.119271
0.342732
-0.070192
1.270386
-1.336667
-0.129316
-0.955780
-1.481983
-0.570790
3.097572
0.561255
-0.568387
-1.554685
0.414589
-0.387001
-1.341985
0.899132
0.387735
0.499274
-0.002658
-0.857054
-0.882610
2.071776
-1.155885
-1.287602
-0.435137
2.044475
-0.954459
-0.235932
-0.453743
0.974231
-0.514355
-0.702836
0.021287
0.232747
-0.335283
1.482602
-0.578990
-0.405481
-1.592079
-1.431928
-0.929724
0.963780
1.231461
-0.668621
-1.946406
0.532143
-1.005749
-1.293799
0.361814
0.954862
-0.415114
0.710720
0.191876
-0.833868
2.024317
0.890531
2.369536
1.001415
1.077617
-1.828476
-1.178718
-0.885328
-0.496537
-0.451850
0.233780
0.041990
1.203291
0.113110
-0.497837
0.161650
0.440697
0.035148
-0.865905
0.766425
-2.837216
0.155555
-1.706530
2.258001
0.151600
-1.583431
-0.192531
0.032927
-0.044300
-0.108971
0.512093
0.041035
1.119742
0.384287
-0.337072
0.387823
1.247281
-0.034159
-0.627356
-0.695354
0.386942
0.590461
0.660113
0.675843
0.148760
-0.216356
-1.585422
0.028877
-0.136350
-0.773873
-0.045888
1.551860
1.976943
0.140588
0.384469
-0.792789
-0.121933
-1.651973
0.785662
-0.411263
-1.743372
1.092701
-0.397498
-1.131669
-0.663218
-1.180587
1.212799
0.051251
0.626989
-1.159221
-0.168476
-0.223487
-0.051909
0.482038
0.178268
0.626737
-1.573442
0.478943
-0.340726
0.704369
-0.922222
-0.038521
1.357690
-0.553068
1.238716
1.508428
-1.281746
1.206809
1.238156
0.311462
-1.303523
1.046503
0.403195
0.704409
0.720902
-0.753875
1.197575
-1.081533
-0.268880
0.219351
0.075868
0.066957
-1.206011
0.954319
0.053471
0.144848
0.538225
-2.254152
0.748410
-0.435262
1.297720
-0.660668
0.628425
0.305082
-0.100351
-0.687288
-0.732861
-0.233812
-0.084858
1.865767
0.246531
-0.835471
0.385907
1.665379
-0.644186
-0.205650
-0.995325
-0.767094
0.785515
-0.571491
-0.035733
-0.776680
1.350332
0.472166
0.947896
1.125715
0.476110
-0.892544
1.259223
2.612005
0.441643
-0.607810
0.232738
0.287949
1.738715
-1.891751
0.545183
0.410815
-0.674396
0.158967
-1.019456
0.127236
-1.213372
-0.297935
0.174315
0.846552
-1.055917
-1.343795
0.677563
-2.532438
-0.816030
0.203645
-1.189095
-0.852366
0.207579
0.142206
0.903460
-0.563215
-0.988581
2.023920
-0.288426
1.910914
-1.260890
-0.231757
0.194441
-0.617164
-0.347616
1.587442
-0.119698
0.793190
-0.005655
-0.776313
-0.770464
-1.018659
-1.668471
2.063394
-0.489764
0.538019
0.234431
-0.905574
1.397482
-0.549765
-0.580233
-0.671468
-2.322089
1.635610
-0.459197
-0.649720
1.358368
1.283560
-0.771658
-1.104766
2.603282
1.597334
0.509897
0.887109
-2.165488
0.554663
-1.103821
1.834572
-0.611684
0.305815
1.492401
-0.926519
-0.235630
0.499210
1.009708
0.828507
-1.846802
-0.123362
0.379155
-0.941873
0.088774
-0.191233
0.864373
-1.887308
-0.700734
0.298434
-1.161083
2.815338
0.346023
1.101128
2.283094
-0.302733
0.048602
-1.643617
0.311292
-1.038233
-1.416187
-0.263206
-0.715291
-0.115660
-0.346109
1.389794
-0.709177
0.665612
0.413845
-0.320481
0.466519
-0.068368
-0.621271
-0.442561
0.513106
0.082106
-0.067673
0.860275
1.305568
-0.415538
0.651166
-0.663397
2.956961
-0.050314
1.173093
-0.861736
0.527688
1.236100
-0.828078
0.762366
-0.672167
1.518948
-0.300772
1.652968
-1.415536
-0.650357
-0.814592
0.496236
1.774934
-0.573840
-0.623934
-0.940075
1.620961
0.600463
-0.432430
0.371534
0.914026
0.230607
0.199552
0.844163
-0.574216
0.382875
0.433482
0.982006
-1.294376
0.230470
0.545382
-0.026585
-0.735087
-0.057008
-0.233907
-0.026847
-1.019940
-1.299190
0.642671
-1.197235
0.548063
-0.257564
0.930739
0.594731
-0.627152
0.194103
-1.144099
1.393445
0.937783
-0.761204
0.508360
-0.118573
-0.947522
1.877751
-0.779113
-0.290803
-0.023582
0.856771
-0.357878
0.142910
-1.608847
-0.222646
-1.461582
0.853090
-0.067401
-1.586853
0.096829
1.769280
0.309048
0.208954
0.200483
-0.878647
0.534823
-0.543898
0.397283
-0.833291
0.692681
0.623494
0.589301
-0.155454
0.589109
1.113099
0.890758
-1.325493
0.202922
0.225937
0.233492
-1.633526
-0.125866
0.476975
0.778793
1.366020
0.569322
0.061539
0.341855
-1.767481
-0.745147
0.517013
-0.056252
-1.335745
0.278017
-1.827242
-0.798280
0.746995
0.952801
-0.515288
0.855295
-0.747130
-0.513456
-0.840038
0.348812
-0.795190
1.418626
1.045202
0.661453
-0.697107
-1.213407
-1.751337
-0.340970
1.553409
0.082169
-1.168898
0.290809
-0.148756
-0.813671
-0.420753
-0.049029
0.247325
-2.201379
0.602956
-3.255140
0.381677
0.976967
0.784034
-0.842020
1.715723
0.907193
0.744216
-0.266434
-0.630433
-0.821485
0.452281
0.991876
0.383460
-0.249301
-0.587188
0.150818
0.761651
-1.716414
-0.889607
-0.656066
0.963764
-2.512895
-1.324950
0.322091
-0.093129
0.717697
-0.146555
-2.150617
-0.353534
0.928029
-0.661202
-0.860619
-1.530918
-0.757101
-0.275427
-0.844538
1.233799
-0.974508
-0.580284
-0.644886
0.691387
0.543250
-0.824632
1.839456
-2.239103
-0.727663
-0.925496
1.923061
-0.211956
1.043940
1.101962
-0.869048
-0.501872
-0.236375
0.887762
-0.612161
-0.723481
0.700194
0.680074
-0.161637
1.129807
-1.036447
-1.282161
-1.091589
0.729658
0.881050
1.630538
-0.239738
0.267215
0.216119
-0.831680
-0.420186
-0.189941
0.330572
-0.772655
-0.087463
-0.270474
-1.203577
0.358737
0.146115
-0.512544
0.995729
0.712496
1.741697
0.857819
1.601178
-0.209752
0.861549
1.147875
1.506533
-0.883473
1.070975
1.472552
-0.015344
0.215950
-0.329371
-1.210299
-0.549636
-0.746765
-0.919143
-0.535161
0.225295
-0.021072
-0.181653
0.641652
-0.492014
-0.477631
1.301946
1.562690
-0.922927
0.703005
0.531625
0.722340
-1.239353
-0.291668
-0.248343
0.581931
0.751197
1.866212
-0.943943
-0.359634
-0.012936
-0.581207
1.079448
2.480768
1.123434
0.477943
1.019602
-1.306594
-0.129460
1.334246
0.911713
0.980096
0.261219
-2.534971
3.500430
-0.507834
1.941720
-1.489406
-1.690155
0.986966
-0.816976
0.791866
-0.364025
0.984012
0.124104
-0.854715
0.326757
0.256137
-0.420292
0.373299
-1.423889
-1.165791
-2.825819
-0.346858
1.128169
1.029737
0.338981
0.373469
1.299374
1.650072
-0.412408
-3.337550
-1.584808
-1.772782
0.745461
-1.365029
0.098675
1.351306
0.976550
-1.309456
-0.097889
1.024291
-0.053461
0.412057
-0.720092
-0.068127
-0.509511
-0.586135
1.057612
0.116282
-0.396418
-0.097374
-0.598412
1.655667
-0.430665
2.424894
-0.355742
-0.401209
0.060890
0.125934
0.770216
0.230965
1.331118
-0.392715
-0.106374
1.578414
-0.595374
-0.064773
-1.163813
0.656629
-1.701671
0.649007
0.155843
1.074971
0.758869
-0.955238
0.845406
0.933007
-1.075750
0.353675
-0.019205
0.495860
0.189593
-0.663881
-0.900646
-0.998027
-1.108874
-1.248378
-0.510125
