0
0
0
0
0
0
0
0
0
0
4d
72
2e
20
57
61
74
73
6f
6e
2c
20
63
6f
6d
65
20
68
65
72
65
2c
20
49
20
77
61
6e
74
20
74
6f
20
73
65
65
20
79
6f
75
21
2e
20
2d
20
41
6c
65
78
61
6e
64
65
72
20
47
72
61
68
61
6d
20
42
65
6c
6c
20
72
65
61
6c
69
7a
61
6e
64
6f
20
6c
61
20
70
72
69
6d
65
72
61
20
6c
6c
61
6d
61
64
61
20
74
65
6c
65
66
6f
6e
69
63
61
20
64
65
20
6c
61
20
68
69
73
74
6f
72
69
61
2e
a
43
6f
6e
20
75
6e
20
67
72
61
6e
20
6f
72
67
75
6c
6c
6f
2c
20
74
72
61
6e
73
6d
69
74
6f
20
68
6f
79
2c
20
32
20
64
65
20
41
67
6f
73
74
6f
20
64
65
20
32
30
31
37
20
6d
69
20
70
72
69
6d
65
72
20
6d
65
6e
73
61
6a
65
20
61
6c
20
61
69
72
65
2c
20
63
6f
6d
6f
20
6c
6f
20
68
69
7a
6f
20
41
6c
65
78
61
6e
64
65
72
20
65
6c
20
31
30
20
64
65
20
6d
61
72
7a
6f
20
64
65
20
31
38
37
36
2e
a
45
73
74
65
20
6d
65
6e
73
61
6a
65
20
79
20
65
73
74
61
20
74
65
73
69
73
20
64
65
20
49
6e
67
65
6e
65
72
69
61
20
45
6c
65
63
74
72
6f
6e
69
63
61
20
64
65
20
6c
61
20
46
61
63
75
6c
74
61
64
20
64
65
20
43
69
65
6e
63
69
61
73
20
45
78
61
63
74
61
73
2c
20
46
69
73
69
63
61
73
20
79
20
4e
61
74
75
72
61
6c
65
73
20
64
65
20
55
6e
69
76
65
72
73
69
64
61
64
20
4e
61
63
69
6f
6e
61
6c
20
64
65
20
43
6f
72
64
6f
62
61
a
73
65
20
6c
6f
73
20
64
65
64
69
63
6f
20
61
20
74
6f
64
61
73
20
6c
61
73
20
70
65
72
73
6f
6e
61
73
20
71
75
65
a
47
72
61
63
69
61
73
20
61
20
6c
61
20
55
6e
69
76
65
72
73
69
64
61
64
20
50
75
62
6c
69
63
61
20
79
20
47
72
61
74
75
69
74
61
20
71
75
65
20
6d
65
20
64
69
6f
20
6c
61
20
6f
70
6f
72
74
75
6e
69
64
61
64
20
64
65
20
65
73
74
75
64
69
61
72
a
47
72
61
63
69
61
73
20
61
20
6d
69
73
20
70
72
6f
66
65
73
6f
72
65
73
2c
20
71
75
65
20
6d
65
20
66
6f
72
6d
61
72
6f
6e
20
64
75
72
61
6e
74
65
20
65
73
74
65
20
63
61
6d
69
6e
6f
a
47
72
61
63
69
61
73
20
61
20
6d
69
73
20
63
6f
6c
65
67
61
73
20
79
20
61
6d
69
67
6f
73
20
71
75
65
20
6d
65
20
61
79
75
64
61
72
6f
6e
20
61
20
74
72
61
6e
73
69
74
61
72
6c
6f
a
59
20
73
6f
62
72
65
20
74
6f
64
6f
2c
20
47
52
41
43
49
41
53
20
61
20
6d
69
20
70
61
64
72
65
20
79
20
61
20
6d
69
20
6d
61
64
72
65
2c
20
61
20
6d
69
20
68
65
72
6d
61
6e
6f
20
79
20
68
65
72
6d
61
6e
61
2c
20
61
20
6d
69
20
66
61
6d
69
6c
69
61
a
71
75
65
20
73
69
65
6d
70
72
65
20
65
73
74
75
76
6f
20
61
20
6d
69
20
6c
61
64
6f
20
64
75
72
61
6e
74
65
2c
20
64
61
6e
64
6f
6d
65
20
73
69
65
6d
70
72
65
20
65
6c
20
61
70
6f
79
6f
20
69
6e
63
6f
6e
64
69
63
69
6f
6e
61
6c
20
71
75
65
20
6e
65
63
65
73
69
74
61
62
61
20
70
61
72
61
20
6d
69
72
61
72
20
73
69
65
6d
70
72
65
20
68
61
63
69
61
20
61
64
65
6c
61
6e
74
65
2e
a
46
65
64
65
72
69
63
6f
20
54
6f
6d
61
73
20
44
41
44
41
4d
2e
