0
0
0
0
0
0
0
0
0
0
0
0
0
0
0
0
0
0
0
0
0
0
255
0
0
0
0
0
0
0
0
0
1
1
1
1
1
1
0
0
0
0
0
255
255
255
255
255
255
255
255
255
255
0
0
0
1
1
1
2
2
2
2
2
2
1
1
1
0
255
255
254
254
253
253
252
252
252
253
253
254
254
255
0
1
2
4
5
5
6
7
7
7
6
5
4
3
1
255
253
251
249
247
246
244
243
243
243
243
245
247
249
253
1
5
11
16
22
28
34
40
46
51
56
60
63
66
67
67
67
66
63
60
56
51
46
40
34
28
22
16
11
5
1
253
249
247
245
243
243
243
243
244
246
247
249
251
253
255
1
3
4
5
6
7
7
7
6
5
5
4
2
1
0
255
254
254
253
253
252
252
252
253
253
254
254
255
255
0
1
1
1
2
2
2
2
2
2
1
1
1
0
0
0
255
255
255
255
255
255
255
255
255
255
0
0
0
0
0
1
1
1
1
1
1
0
0
0
0
0
0
0
0
0
255
0
0
0
0
0
0
0
0
0
0
0
0
0
0
0
0
0
0
0
0
0
