255
0
255
255
255
255
0
0
2
0
250
248
251
7
20
29
34
33
35
40
32
16
247
226
223
251
42
85
104
87
52
15
250
242
236
234
235
5
49
94
112
76
3
181
141
161
219
26
62
43
252
209
192
220
10
53
80
88
91
84
70
41
4
219
190
176
174
178
192
225
20
70
97
70
1
182
143
170
230
36
60
29
233
187
161
155
157
154
157
184
223
7
25
4
217
169
147
164
197
236
0
7
255
252
5
32
70
102
105
65
249
180
143
166
231
38
68
42
246
198
173
166
164
166
177
209
4
56
80
64
18
219
182
175
182
191
189
177
163
159
171
197
229
7
40
57
68
73
76
90
104
114
103
56
246
182
144
157
199
244
12
12
0
249
246
245
234
226
229
252
32
68
87
98
103
101
93
61
10
217
192
215
9
57
82
88
84
77
67
37
240
193
174
197
246
39
65
71
71
72
60
27
228
173
155
185
248
61
101
100
76
43
16
4
253
245
238
234
235
244
245
251
251
254
254
255
254
253
246
246
246
0
18
38
56
72
81
92
102
100
88
59
22
242
214
191
170
160
169
207
9
63
85
63
14
217
184
174
176
180
190
223
20
72
96
69
255
180
145
176
245
67
109
100
63
26
9
25
52
77
95
95
98
100
92
74
45
12
245
241
253
10
4
235
187
153
144
188
4
75
110
91
36
231
199
212
246
27
50
55
59
59
52
32
0
222
196
183
179
178
184
213
9
63
91
67
1
187
153
180
243
56
96
102
92
80
73
80
92
96
93
75
45
21
9
19
46
75
97
103
101
97
94
75
45
9
235
230
237
252
253
228
191
160
157
184
226
12
41
50
54
55
52
22
231
181
160
183
243
52
80
60
7
209
176
173
183
194
195
186
178
181
202
230
3
26
42
49
51
46
35
17
0
238
229
224
223
229
240
248
251
247
253
19
63
100
113
73
1
183
139
154
205
8
39
30
253
221
214
235
23
63
93
100
94
81
70
69
73
73
63
29
230
186
171
194
241
37
72
85
85
77
59
30
245
205
178
166
172
192
214
240
1
13
28
46
76
101
105
67
251
178
139
158
211
7
30
7
221
178
152
153
161
169
171
167
158
157
161
178
201
221
236
234
224
211
207
229
9
42
58
34
246
199
169
164
174
186
191
191
190
192
192
196
198
200
205
202
192
185
195
229
19
62
83
86
78
61
41
3
213
173
158
172
212
255
28
34
26
8
1
0
9
15
9
241
204
169
154
169
203
243
18
45
71
92
93
72
28
237
208
212
238
20
54
65
67
65
65
73
86
88
74
41
2
219
192
176
172
178
196
229
12
48
75
90
97
97
89
58
10
220
197
225
28
83
102
85
45
8
238
213
181
155
154
186
246
55
105
117
111
95
81
73
64
45
20
244
214
189
172
158
146
145
158
202
11
69
97
80
29
230
197
181
180
183
195
219
2
40
68
80
86
82
72
50
15
228
196
182
182
186
185
173
154
147
161
202
2
55
91
110
108
101
92
65
33
4
236
238
248
1
255
253
253
7
3
236
190
154
145
187
0
67
103
101
72
38
23
23
38
53
57
30
244
202
184
208
13
70
94
66
9
208
176
176
186
192
189
183
188
202
216
210
185
156
153
195
8
74
103
84
42
252
224
206
183
156
144
184
3
86
124
89
2
168
128
166
249
78
121
101
41
237
210
236
34
88
110
84
28
229
199
214
253
38
60
43
7
224
194
186
189
191
191
188
185
192
199
198
190
178
186
220
18
67
91
72
25
230
194
196
212
229
228
216
192
171
161
170
195
222
245
0
254
250
3
20
48
72
92
100
106
102
87
68
43
16
241
209
178
156
159
192
249
53
99
109
95
74
68
76
88
93
81
49
9
223
193
180
183
192
197
198
195
191
185
183
182
184
185
184
184
193
210
235
0
14
30
46
71
92
94
76
36
253
228
223
231
245
249
252
250
251
252
255
4
8
1
233
189
153
143
186
6
83
115
85
7
181
137
162
231
42
76
42
232
175
156
189
250
49
80
85
85
82
72
42
250
198
174
202
11
76
101
70
0
183
151
171
220
17
51
50
38
26
19
22
26
25
21
10
252
244
238
248
6
15
10
239
198
167
156
169
197
225
240
246
247
241
228
213
198
185
176
165
153
153
167
204
0
46
75
92
99
92
74
40
253
214
190
178
175
177
188
221
10
50
62
44
8
231
210
199
180
161
158
183
232
25
41
22
234
187
155
151
151
158
170
181
197
222
252
29
64
86
94
81
51
11
233
206
190
180
172
166
161
163
166
181
201
217
219
210
187
169
172
199
240
30
62
76
72
61
50
53
66
79
69
32
234
187
166
183
226
17
54
66
71
72
75
86
100
105
95
66
21
240
224
241
26
72
100
106
99
87
85
87
94
101
99
78
46
13
0
21
62
102
108
67
255
190
155
158
183
209
217
219
215
211
205
200
193
189
189
190
183
179
186
210
249
36
66
71
58
44
38
49
72
90
90
63
26
244
213
200
186
172
162
169
200
235
0
242
198
153
139
181
1
76
118
99
45
250
224
246
31
71
99
101
98
100
92
67
24
231
200
213
0
44
62
37
247
201
175
164
161
168
184
212
249
35
68
83
85
76
58
32
0
222
201
192
198
211
220
220
212
205
209
234
10
35
36
11
228
187
158
153
151
156
164
181
206
238
5
14
9
251
239
239
238
241
240
234
228
225
224
235
1
21
41
44
41
39
40
43
44
44
44
53
70
87
84
51
252
196
170
192
250
58
85
58
248
182
155
180
237
38
68
46
0
211
194
230
36
93
112
76
255
178
134
157
213
12
33
5
213
168
150
168
202
235
15
37
57
70
86
94
100
101
89
64
30
249
213
196
188
183
178
171
173
180
189
187
174
163
170
210
11
61
79
54
6
217
190
186
189
190
196
222
8
48
62
31
230
175
153
174
213
3
32
50
66
82
95
84
58
23
254
246
255
4
4
253
252
3
15
15
10
2
9
30
59
83
90
83
70
54
39
9
230
194
169
160
167
179
185
187
185
186
185
190
191
195
197
196
188
181
189
221
11
54
82
86
71
50
39
31
28
29
35
42
56
71
80
96
107
113
102
56
248
186
150
156
186
227
2
31
61
86
100
86
53
18
6
19
45
75
90
94
94
86
79
75
71
63
50
17
234
198
178
169
171
181
195
221
2
38
68
82
88
85
76
49
4
209
183
202
253
50
71
35
225
166
149
184
248
56
96
112
108
101
88
65
37
10
245
236
230
238
250
19
56
86
98
84
51
11
234
209
189
171
166
172
191
215
228
229
216
202
200
225
7
44
60
50
11
221
186
174
180
193
204
197
179
166
169
206
11
66
90
75
31
237
200
188
181
176
172
175
187
207
229
249
10
21
25
13
248
234
236
8
40
71
88
99
112
116
103
57
245
183
149
163
204
251
32
58
76
87
90
69
26
235
200
193
200
208
210
204
203
204
205
199
186
172
178
215
15
64
82
63
18
227
196
188
189
196
206
236
24
69
96
91
67
38
18
14
13
11
12
25
54
89
105
89
45
253
229
254
55
106
120
72
242
169
139
175
243
56
97
111
112
102
85
54
3
206
164
150
160
179
190
190
184
181
192
220
4
41
69
77
68
56
46
48
58
68
62
31
246
211
194
218
1
34
45
29
8
245
234
216
186
156
146
185
254
72
114
103
55
0
232
252
41
88
109
88
42
251
222
220
233
242
238
217
196
179
171
167
167
170
174
183
194
202
204
204
207
204
198
192
189
192
198
196
182
168
169
203
10
70
96
71
8
195
155
157
183
214
228
232
229
225
225
231
236
240
242
238
230
231
239
10
42
72
96
101
102
100
94
72
38
254
227
220
230
241
239
219
197
178
170
167
168
170
173
182
196
207
210
201
192
184
183
188
191
193
190
189
189
190
184
182
182
186
186
180
166
159
169
196
229
6
36
54
76
89
88
75
43
8
231
209
194
182
168
157
150
153
160
183
209
234
249
1
250
241
234
231
232
234
235
226
215
205
206
238
31
76
95
76
27
229
190
182
193
206
211
199
184
175
186
215
252
33
56
71
83
85
78
53
16
235
208
199
196
201
210
245
37
80
97
84
48
9
234
210
185
168
160
172
198
228
255
27
56
85
100
85
47
1
227
217
223
232
235
227
224
221
217
220
222
222
213
206
192
181
177
182
192
202
206
199
186
177
184
213
252
34
57
69
80
88
87
53
246
177
146
176
253
80
114
84
10
188
141
150
196
242
5
239
192
152
145
183
249
60
107
116
104
85
74
82
103
116
112
59
238
169
142
175
251
70
109
91
38
237
196
187
188
188
186
179
174
181
191
193
184
173
178
209
4
54
73
55
12
220
190
189
205
222
225
209
178
155
156
193
252
56
94
111
107
100
90
66
36
5
238
236
245
1
2
0
249
250
247
246
239
235
240
244
250
4
21
46
71
88
90
68
29
241
203
187
184
186
184
181
178
183
189
191
184
177
182
210
255
47
80
88
75
57
41
39
43
46
46
39
32
28
30
40
62
85
98
87
52
18
2
17
53
86
101
86
59
26
255
228
196
168
156
168
200
236
253
238
204
168
154
170
199
225
230
218
194
177
171
177
186
190
197
221
7
52
76
56
0
196
166
192
0
64
93
67
6
201
163
162
184
207
217
222
224
226
221
215
195
175
164
169
187
211
238
11
41
70
92
101
100
89
83
83
94
104
100
76
43
17
7
23
50
77
90
93
92
89
87
76
57
39
35
43
66
87
88
57
5
204
176
197
0
60
91
64
2
197
177
204
2
50
82
92
96
98
85
53
255
194
155
154
185
225
248
237
201
161
144
172
221
12
34
5
206
152
135
181
2
75
112
97
50
254
222
217
225
235
238
227
217
211
211
233
8
36
54
40
9
227
197
182
181
186
189
190
189
191
192
191
188
187
183
187
194
200
204
209
215
220
219
209
180
155
155
191
0
63
98
101
76
45
14
241
207
174
159
166
195
236
8
17
11
250
237
238
243
253
253
227
186
149
144
189
12
81
108
77
10
202
163
152
155
160
173
205
6
65
94
69
7
194
164
190
0
65
93
69
11
205
165
155
165
179
188
179
161
150
156
191
241
28
41
17
229
187
162
154
143
138
148
195
14
85
115
82
13
197
153
138
137
146
156
196
5
72
106
93
39
232
196
209
250
40
64
44
0
207
180
203
2
57
82
55
249
192
172
196
245
38
66
73
70
67
66
72
75
70
53
13
219
175
158
175
217
10
40
43
30
15
11
15
18
12
7
0
5
11
7
243
208
169
148
166
212
6
38
29
252
221
213
236
25
63
87
97
102
101
85
50
254
205
173
166
172
185
198
221
0
38
69
81
77
65
61
65
72
73
74
74
76
79
79
79
82
88
89
77
55
28
10
23
60
103
116
73
249
168
133
168
248
75
123
103
53
3
243
10
54
87
101
84
59
39
22
11
252
234
217
211
210
215
213
214
211
208
204
201
203
204
204
196
183
175
184
211
251
36
62
72
72
67
48
27
3
235
210
195
181
173
172
177
186
198
220
1
50
96
112
72
252
171
133
166
245
75
123
103
47
246
221
245
39
86
108
86
40
248
215
206
219
234
236
216
181
155
153
197
12
73
94
68
10
208
175
168
170
178
190
214
254
42
76
89
85
70
48
24
254
227
204
204
213
227
228
216
193
171
164
171
193
217
239
1
10
8
6
1
6
13
15
245
198
152
137
180
7
84
118
82
12
197
154
144
148
159
169
192
232
19
51
61
57
48
45
48
50
52
54
57
60
63
63
60
59
62
69
73
74
69
66
73
90
104
97
54
244
181
154
169
212
8
38
44
35
21
13
8
7
5
254
235
198
166
146
166
206
250
9
245
200
163
148
176
222
7
33
42
40
40
41
23
246
210
190
217
18
74
94
69
18
223
190
180
180
181
190
213
249
34
61
73
74
71
73
70
62
50
41
34
31
28
27
38
69
102
111
70
246
169
135
172
248
71
111
102
67
26
250
225
196
169
156
171
210
2
33
30
5
230
216
226
254
21
39
42
48
56
53
25
231
178
155
185
255
72
100
67
255
192
168
195
248
43
73
72
57
47
42
52
67
79
80
75
67
54
40
13
241
219
219
244
31
77
103
91
61
21
254
248
0
3
4
255
255
3
10
10
5
245
235
227
227
233
236
229
216
204
204
237
33
83
103
72
1
185
150
177
244
58
86
58
250
192
168
195
252
51
86
87
69
53
45
44
42
36
35
44
72
99
102
63
254
189
155
156
181
208
235
11
55
96
110
74
1
182
140
154
193
234
251
5
13
25
29
7
220
172
154
171
212
4
40
60
78
88
85
61
18
230
201
187
183
184
192
219
8
54
79
62
16
218
186
179
182
185
182
181
191
205
214
222
224
226
225
216
189
161
151
175
228
20
36
13
220
172
152
165
192
228
4
29
54
72
87
98
102
98
89
72
55
42
28
11
245
224
211
224
251
25
50
55
58
59
56
35
249
202
178
199
0
61
89
61
252
188
157
188
1
69
102
77
16
211
186
215
16
72
102
92
64
34
15
14
22
26
24
11
252
246
244
251
251
252
249
0
15
22
19
248
210
176
157
165
185
206
227
254
36
70
93
91
69
45
35
36
44
48
48
50
58
71
73
43
246
193
170
193
250
54
79
58
13
221
194
187
186
182
180
177
177
193
218
253
32
61
83
101
109
111
96
54
254
197
156
141
143
154
164
185
214
245
18
21
8
240
229
233
250
16
30
39
35
29
25
32
48
60
60
22
224
177
162
191
247
47
80
87
86
81
72
42
245
190
163
187
252
68
103
80
21
215
186
209
253
36
52
30
0
232
224
227
232
233
236
239
248
0
250
235
208
182
159
153
152
154
161
183
218
3
33
29
0
221
210
234
28
71
93
90
75
62
50
18
228
181
160
185
244
49
75
57
9
216
184
174
175
182
197
225
9
49
81
92
87
78
74
77
82
84
78
80
92
103
100
71
21
234
219
244
36
82
102
89
62
28
1
227
193
168
159
171
195
220
236
252
16
34
37
17
224
177
152
172
219
17
54
67
69
69
69
72
74
71
67
63
64
64
63
60
56
56
55
55
53
50
46
45
52
61
60
23
220
164
145
183
4
80
114
86
14
194
144
140
153
171
177
168
155
150
157
183
217
245
12
18
16
255
236
213
195
182
173
165
152
146
153
197
13
79
107
75
0
183
155
182
242
49
85
89
78
61
54
58
69
78
70
38
248
203
187
207
0
48
68
35
228
166
141
180
3
85
120
87
1
170
128
168
250
78
121
101
45
250
230
1
50
89
105
86
54
26
10
10
18
25
27
30
30
32
36
36
38
40
45
44
44
44
48
56
63
69
72
69
66
60
60
64
72
78
69
38
246
201
187
212
15
76
107
81
22
217
191
224
32
91
108
76
9
195
149
140
149
170
181
172
151
136
141
195
16
86
119
84
4
180
134
158
216
16
40
34
10
242
218
202
179
163
165
197
251
50
85
91
82
67
61
63
67
64
58
56
63
75
71
36
234
181
157
186
2
76
107
78
11
191
149
153
183
221
247
244
226
214
220
1
51
88
99
82
52
27
2
231
194
157
145
180
253
74
119
98
37
231
205
226
23
72
98
92
72
53
40
22
0
228
201
186
184
186
190
191
192
196
199
195
185
176
184
223
23
72
90
65
6
200
162
158
171
196
221
252
33
69
90
93
71
37
6
250
253
8
5
237
191
153
139
183
2
75
112
98
49
252
223
224
242
9
29
48
61
71
80
87
93
96
93
60
4
207
183
205
11
70
92
66
12
210
176
174
188
201
206
201
191
187
199
224
253
24
46
56
65
75
81
88
94
93
87
75
52
30
14
5
5
7
11
9
9
0
250
252
7
19
25
254
205
158
140
179
254
75
113
93
35
228
191
212
3
47
64
34
242
199
175
166
162
163
177
211
8
59
80
59
9
210
170
162
170
185
189
185
182
188
206
241
25
63
90
98
95
82
75
83
95
104
98
68
34
7
243
239
234
239
248
18
55
86
99
86
59
32
15
4
244
224
216
234
30
82
107
84
23
217
186
211
9
61
90
86
67
52
47
56
63
64
63
58
57
62
69
73
74
70
68
71
73
67
48
13
229
194
170
158
151
154
167
190
224
0
22
30
25
10
3
1
5
4
3
253
247
246
1
23
62
90
103
77
31
242
217
219
245
18
40
47
53
55
46
21
241
205
180
166
160
168
184
215
252
35
65
78
80
75
61
32
246
203
185
211
17
83
109
74
254
174
138
172
250
77
117
98
36
233
210
240
40
90
109
87
45
9
246
244
248
249
246
248
252
7
15
25
36
41
32
8
222
186
166
164
174
192
209
240
21
55
78
86
82
74
65
38
246
195
168
192
255
64
94
72
21
224
198
186
176
165
164
190
235
26
50
37
9
236
227
224
221
219
227
0
45
83
97
86
61
31
4
226
186
154
149
185
254
70
114
98
44
240
205
215
0
40
57
27
232
186
161
165
186
203
209
206
205
202
198
194
192
192
196
196
188
178
183
217
17
72
95
74
16
211
182
214
24
90
113
75
0
180
142
160
214
11
41
28
252
229
229
8
51
86
98
83
54
23
243
216
189
174
163
172
187
206
228
253
32
63
89
99
91
79
74
75
78
79
76
68
60
52
51
56
66
75
71
43
4
218
192
183
183
187
183
179
177
176
177
176
174
173
177
173
157
145
152
194
8
75
110
93
49
3
228
234
249
5
5
251
242
248
252
250
234
220
222
252
47
93
104
72
9
199
155
147
159
174
180
182
189
202
212
210
197
181
185
216
13
60
77
56
11
217
184
182
195
209
215
208
196
192
204
237
22
61
87
98
103
99
87
68
33
253
225
223
239
4
3
238
198
168
155
170
194
221
243
18
53
84
102
82
37
245
216
217
240
15
42
53
65
74
80
80
67
51
41
47
61
76
74
40
239
192
176
199
250
45
81
89
82
68
48
26
1
231
210
199
188
179
171
166
166
170
172
170
167
159
159
178
204
235
255
5
248
239
241
12
54
89
102
82
39
251
224
226
248
20
35
35
18
2
249
250
254
0
1
0
254
255
0
0
0
0
0
0
0
