8388608
662700033
25165824
578813952
545259520
545259776
545260032
545260288
545260544
545260800
545261056
545261312
545261568
545261824
545262080
545262336
545262592
545262848
545263104
545263360
545263616
545263872
545264128
545264384
545264640
545264896
545265407
545265408
545265664
545265920
545266176
545266432
545266688
545266944
545267200
545267456
545267713
545267969
545268225
545268481
545268737
545268993
545269248
545269504
545269760
545270016
545270272
545270783
545271039
545271295
545271551
545271807
545272063
545272319
545272575
545272831
545273087
545273088
545273344
545273600
545273857
545274113
545274369
545274626
545274882
545275138
545275394
545275650
545275906
545276161
545276417
545276673
545276928
545277439
545277695
545277950
545278206
545278461
545278717
545278972
545279228
545279484
545279741
545279997
545280254
545280510
545280767
545280768
545281025
545281282
545281540
545281797
545282053
545282310
545282567
545282823
545283079
545283334
545283589
545283844
545284099
545284353
545284863
545285117
545285371
545285625
545285879
545286134
545286388
545286643
545286899
545287155
545287411
545287669
545287927
545288185
545288445
545288449
545288709
545288971
545289232
545289494
545289756
545290018
545290280
545290542
545290803
545291064
545291324
545291583
545291842
545292099
545292355
545292611
545292866
545293119
545293372
545293624
545293875
545294126
545294376
545294626
545294876
545295126
545295376
545295627
545295877
545296129
545296637
545296889
545297143
545297397
545297651
545297907
545298163
545298419
545298676
545298934
545299191
545299449
545299707
545299965
545300223
545300225
545300483
545300740
545300997
545301254
545301511
545301767
545302023
545302278
545302533
545302789
545303044
545303298
545303553
545303808
545304319
545304574
545304830
545305085
545305341
545305596
545305852
545306108
545306365
545306621
545306878
545307134
545307391
545307647
545307648
545307905
545308161
545308417
545308674
545308930
545309186
545309442
545309698
545309954
545310209
545310465
545310721
545310976
545311232
545311488
545311999
545312255
545312511
545312767
545313023
545313279
545313535
545313791
545314047
545314303
545314304
545314560
545314816
545315072
545315328
545315585
545315841
545316097
545316353
545316609
545316865
545317120
545317376
545317632
545317888
545318144
545318400
545318656
545318912
545319168
545319679
545319680
545319936
545320192
545320448
545320704
545320960
545321216
545321472
545321728
545321984
545322240
545322496
545322752
545323008
545323264
545323520
545323776
545324032
545324288
545324544
545324800
545325056
545325312
545325568
545325824
545326080
545326336
545326592
545326848
545327104
545327360
545327616
545327872
545328128
545328384
545328640
545328896
545329152
545329408
545329664
545329920
545330176
545330432
545330943
545330944
545331200
545331456
545331712
545331968
545332224
545332480
545332736
545332992
545333249
545333505
545333761
545334017
545334273
545334529
545334784
545335040
545335296
545335552
545335808
545336319
545336575
545336831
545337087
545337343
545337599
545337855
545338111
545338367
545338623
545338624
545338880
545339136
545339393
545339649
545339905
545340162
545340418
545340674
545340930
545341186
545341442
545341697
545341953
545342209
545342464
545342975
545343231
545343486
545343742
545343997
545344253
545344508
545344764
545345020
545345277
545345533
545345790
545346046
545346303
545346304
545346561
545346818
545347076
545347333
545347589
545347846
545348103
545348359
545348615
545348870
545349125
545349380
545349635
545349889
545350399
545350653
545350907
545351161
545351415
545351670
545351924
545352179
545352435
545352691
545352947
545353205
545353463
545353721
545353981
545353985
545354245
545354507
545354768
545355030
545355292
545355554
545355816
545356078
545356339
545356600
545356860
545357119
545357378
545357635
545357891
545358147
545358402
545358655
545358908
545359160
545359411
545359662
545359912
545360162
545360412
545360662
545360912
545361163
545361413
545361665
545362173
545362425
545362679
545362933
545363187
545363443
545363699
545363955
545364212
545364470
545364727
545364985
545365243
545365501
545365759
545365761
545366019
545366276
545366533
545366790
545367047
545367303
545367559
545367814
545368069
545368325
545368580
545368834
545369089
545369344
545369855
545370110
545370366
545370621
545370877
545371132
545371388
545371644
545371901
545372157
545372414
545372670
545372927
545373183
545373184
545373441
545373697
545373953
545374210
545374466
545374722
545374978
545375234
545375490
545375745
545376001
545376257
545376512
545376768
545377024
545377535
545377791
545378047
545378303
545378559
545378815
545379071
545379327
545379583
545379839
545379840
545380096
545380352
545380608
545380864
545381121
545381377
545381633
545381889
545382145
545382401
545382656
545382912
545383168
545383424
545383680
545383936
545384192
545384448
545384704
545385215
545385216
545385472
545385728
545385984
545386240
545386496
545386752
545387008
545387264
545387520
545387776
545388032
545388288
545388544
545388800
545389056
545389312
545389568
545389824
545390080
545390336
562036736
562036736
562036736
562036736
562036736
562036736
562036736
562036736
562036736
562036736
562036736
562036736
562036736
562036736
562036736
562036736
562036736
562036736
562036736
562036736
562036736
562036736
562036736
562036736
562036736
562036736
562036736
562036736
562036736
562036736
562036736
562036736
562036736
562036736
562036736
562036736
562036736
562036736
562036736
562036736
562036736
562036736
562036736
562036736
562036736
562036736
562036736
562036736
562036736
562036736
562036736
562036736
562036736
562036736
562036736
562036736
562036736
562036736
562036736
562036736
562036736
562036736
562036736
562036736
562036736
562036736
562036736
562036736
562036736
562036736
562036736
562036736
562036736
562036736
562036736
562036736
562036736
562036736
562036736
562036736
562036736
562036736
562036736
562036736
562036736
562036736
562036736
562036736
562036736
562036736
562036736
562036736
562036736
562036736
562036736
562036736
562036736
562036736
562036736
562036736
562036736
562036736
562036736
562036736
562036736
562036736
562036736
562036736
562036736
562036736
562036736
562036736
562036736
562036736
562036736
562036736
562036736
562036736
562036736
562036736
562036736
562036736
562036736
562036736
562036736
562036736
562036736
562036736
562036736
562036736
562036736
562036736
562036736
562036736
562036736
562036736
562036736
562036736
562036736
562036736
562036736
562036736
562036736
562036736
562036736
562036736
562036736
562036736
562036736
562036736
562036736
562036736
562036736
562036736
562036736
562036736
562036736
562036736
562036736
562036736
562036736
562036736
562036736
562036736
562036736
562036736
562036736
562036736
562036736
562036736
562036736
562036736
562036736
562036736
562036736
562036736
562036736
562036736
562036736
562036736
562036736
562036736
562036736
562036736
562036736
562036736
562036736
562036736
562036736
562036736
562036736
562036736
562036736
562036736
562036736
562036736
562036736
562036736
562036736
562036736
562036736
562036736
562036736
562036736
562036736
562036736
562036736
562036736
562036736
562036736
562036736
562036736
562036736
562036736
562036736
562036736
562036736
562036736
562036736
562036736
562036736
562036736
562036736
562036736
562036736
562036736
562036736
562036736
562036736
562036736
562036736
562036736
562036736
562036736
562036736
562036736
562036736
562036736
562036736
562036736
562036736
562036736
562036736
562036736
562036736
562036736
562036736
562036736
562036736
645986560
276824065
276824065
276824065
276824065
276824065
276824065
276824065
276824065
276824065
276824065
276824065
276824065
276824065
276824065
276824065
276824065
276824065
276824065
276824065
276824065
276824065
276824065
276824065
276824065
276824065
276824065
276824065
276824065
276824065
276824065
276824065
276824065
276824065
276824065
276824065
276824065
276824065
276824065
276824065
276824065
276824065
276824065
276824065
276824065
276824065
276824065
276824065
276824065
276824065
276824065
276824065
276824065
276824065
276824065
276824065
276824065
276824065
276824065
276824065
276824065
276824065
276824065
276824065
276824065
276824065
276824065
276824065
276824065
276824065
276824065
276824065
276824065
276824065
276824065
276824065
276824065
276824065
276824065
276824065
276824065
276824065
276824065
276824065
276824065
276824065
276824065
276824065
276824065
276824065
276824065
276824065
276824065
276824065
276824065
276824065
276824065
276824065
276824065
276824065
276824065
276824065
276824065
276824065
276824065
276824065
276824065
276824065
276824065
276824065
276824065
276824065
276824065
276824065
276824065
276824065
276824065
276824065
276824065
276824065
276824065
276824065
276824065
276824065
276824065
276824065
276824065
276824065
276824065
276824065
276824065
276824065
276824065
276824065
276824065
276824065
276824065
276824065
276824065
276824065
276824065
276824065
276824065
276824065
276824065
276824065
276824065
276824065
276824065
276824065
276824065
276824065
276824065
276824065
276824065
276824065
276824065
276824065
276824065
276824065
276824065
276824065
276824065
276824065
276824065
276824065
276824065
276824065
276824065
276824065
276824065
276824065
276824065
276824065
276824065
276824065
276824065
276824065
276824065
276824065
276824065
276824065
276824065
276824065
276824065
276824065
276824065
276824065
276824065
276824065
276824065
276824065
276824065
276824065
276824065
276824065
276824065
276824065
276824065
276824065
276824065
276824065
276824065
276824065
276824065
276824065
276824065
276824065
276824065
276824065
276824065
276824065
276824065
276824065
276824065
276824065
276824065
276824065
276824065
276824065
276824065
276824065
276824065
276824065
276824065
276824065
276824065
276824065
276824065
276824065
276824065
276824065
276824065
276824065
276824065
276824065
276824065
276824065
276824065
276824065
276824065
276824065
276824065
276824065
276824065
276824065
276824065
276824065
276824065
276824065
276824065
276824065
276824065
276824065
276824065
276824065
276824065
276824065
276824065
276824065
276824065
276824065
276824065
276824065
276824065
276824065
276824065
276824065
276824065
276824065
276824065
276824065
276824065
276824065
276824065
276824065
276824065
276824065
276824065
276824065
276824065
276824065
276824065
276824065
276824065
276824065
276824065
276824065
276824065
276824065
276824065
276824065
276824065
276824065
276824065
276824065
276824065
276824065
276824065
276824065
276824065
276824065
276824065
276824065
276824065
276824065
276824065
276824065
276824065
276824065
276824065
276824065
276824065
276824065
276824065
276824065
276824065
276824065
276824065
276824065
276824065
276824065
276824065
276824065
276824065
276824065
276824065
276824065
276824065
276824065
276824065
276824065
276824065
276824065
276824065
276824065
276824065
276824065
276824065
276824065
276824065
276824065
276824065
276824065
276824065
276824065
276824065
276824065
276824065
276824065
276824065
276824065
276824065
276824065
276824065
276824065
276824065
276824065
276824065
276824065
276824065
276824065
276824065
276824065
276824065
276824065
276824065
276824065
276824065
276824065
276824065
276824065
276824065
276824065
276824065
276824065
276824065
276824065
276824065
276824065
276824065
276824065
276824065
276824065
276824065
276824065
276824065
276824065
276824065
276824065
276824065
276824065
276824065
276824065
276824065
276824065
276824065
276824065
276824065
276824065
276824065
276824065
276824065
276824065
276824065
276824065
276824065
276824065
276824065
276824065
276824065
276824065
276824065
276824065
276824065
276824065
276824065
276824065
276824065
276824065
276824065
276824065
276824065
276824065
276824065
276824065
276824065
276824065
276824065
276824065
276824065
276824065
276824065
276824065
276824065
276824065
276824065
276824065
276824065
276824065
276824065
276824065
276824065
276824065
276824065
276824065
276824065
276824065
276824065
276824065
276824065
276824065
276824065
276824065
276824065
276824065
276824065
276824065
276824065
276824065
276824065
276824065
276824065
276824065
276824065
276824065
276824065
276824065
276824065
276824065
276824065
276824065
276824065
276824065
276824065
276824065
276824065
276824065
276824065
276824065
276824065
276824065
276824065
276824065
276824065
276824065
276824065
276824065
276824065
276824065
276824065
276824065
276824065
276824065
276824065
276824065
276824065
276824065
276824065
276824065
276824065
276824065
276824065
276824065
276824065
276824065
276824065
276824065
276824065
276824065
276824065
276824065
276824065
276824065
276824065
276824065
276824065
276824065
276824065
276824065
276824065
276824065
276824065
276824065
276824065
276824065
276824065
276824065
276824065
276824065
276824065
276824065
276824065
276824065
276824065
276824065
276824065
276824065
276824065
276824065
276824065
276824065
276824065
276824065
276824065
276824065
276824065
276824065
276824065
276824065
276824065
276824065
276824065
276824065
276824065
276824065
276824065
276824065
276824065
276824065
276824065
276824065
276824065
276824065
276824065
276824065
276824065
276824065
276824065
276824065
276824065
276824065
276824065
276824065
276824065
276824065
276824065
276824065
276824065
276824065
276824065
276824065
276824065
276824065
276824065
276824065
276824065
276824065
276824065
276824065
276824065
276824065
276824065
276824065
276824065
276824065
276824065
276824065
276824065
276824065
276824065
276824065
276824065
276824065
276824065
276824065
276824065
276824065
276824065
276824065
276824065
276824065
276824065
276824065
276824065
276824065
276824065
276824065
276824065
276824065
276824065
276824065
276824065
276824065
276824065
276824065
276824065
276824065
276824065
276824065
276824065
276824065
276824065
276824065
276824065
276824065
276824065
276824065
276824065
276824065
276824065
276824065
276824065
276824065
276824065
276824065
276824065
276824065
276824065
276824065
276824065
276824065
276824065
276824065
276824065
276824065
276824065
276824065
276824065
276824065
276824065
276824065
276824065
276824065
276824065
276824065
276824065
276824065
276824065
276824065
276824065
276824065
276824065
276824065
276824065
276824065
276824065
276824065
276824065
276824065
276824065
276824065
276824065
276824065
276824065
276824065
276824065
276824065
276824065
276824065
276824065
276824065
276824065
276824065
276824065
276824065
276824065
276824065
276824065
276824065
276824065
276824065
276824065
276824065
276824065
276824065
276824065
276824065
276824065
276824065
276824065
276824065
276824065
276824065
276824065
276824065
276824065
276824065
276824065
276824065
276824065
276824065
276824065
276824065
276824065
276824065
276824065
276824065
276824065
276824065
276824065
276824065
276824065
276824065
276824065
276824065
276824065
276824065
276824065
276824065
276824065
276824065
276824065
276824065
276824065
276824065
276824065
276824065
276824065
276824065
276824065
276824065
276824065
276824065
276824065
276824065
276824065
276824065
276824065
276824065
276824065
276824065
276824065
276824065
276824065
276824065
276824065
276824065
276824065
276824065
276824065
276824065
276824065
276824065
276824065
276824065
276824065
276824065
276824065
276824065
276824065
276824065
276824065
276824065
276824065
276824065
276824065
276824065
276824065
276824065
276824065
276824065
276824065
276824065
276824065
276824065
276824065
276824065
276824065
276824065
276824065
276824065
276824065
276824065
276824065
276824065
276824065
276824065
276824065
276824065
276824065
276824065
276824065
276824065
276824065
276824065
276824065
276824065
276824065
276824065
276824065
276824065
276824065
276824065
276824065
276824065
276824065
276824065
276824065
276824065
276824065
276824065
276824065
276824065
276824065
276824065
276824065
276824065
276824065
276824065
276824065
276824065
276824065
276824065
276824065
276824065
276824065
276824065
276824065
276824065
276824065
276824065
276824065
276824065
276824065
276824065
276824065
276824065
276824065
276824065
276824065
276824065
276824065
276824065
276824065
276824065
276824065
276824065
276824065
276824065
276824065
276824065
276824065
276824065
276824065
276824065
276824065
276824065
276824065
276824065
276824065
276824065
276824065
276824065
276824065
276824065
276824065
276824065
276824065
276824065
276824065
276824065
276824065
276824065
276824065
276824065
276824065
276824065
276824065
276824065
276824065
276824065
276824065
276824065
276824065
276824065
276824065
276824065
276824065
276824065
276824065
276824065
276824065
276824065
276824065
276824065
276824065
276824065
276824065
276824065
276824065
276824065
276824065
276824065
276824065
276824065
276824065
276824065
276824065
276824065
276824065
276824065
276824065
276824065
276824065
276824065
276824065
276824065
276824065
276824065
276824065
276824065
276824065
276824065
276824065
276824065
276824065
276824065
276824065
276824065
276824065
276824065
276824065
276824065
276824065
276824065
276824065
276824065
276824065
276824065
276824065
276824065
276824065
276824065
276824065
276824065
276824065
276824065
276824065
276824065
276824065
276824065
276824065
276824065
276824065
276824065
276824065
276824065
276824065
276824065
276824065
276824065
276824065
276824065
276824065
276824065
276824065
276824065
276824065
276824065
276824065
276824065
276824065
276824065
276824065
276824065
276824065
276824065
276824065
276824065
276824065
276824065
276824065
276824065
276824065
276824065
276824065
276824065
276824065
276824065
276824065
276824065
276824065
276824065
276824065
276824065
276824065
276824065
276824065
276824065
276824065
276824065
276824065
276824065
276824065
276824065
276824065
276824065
276824065
276824065
276824065
276824065
276824065
276824065
276824065
276824065
276824065
276824065
276824065
276824065
276824065
276824065
276824065
276824065
276824065
276824065
276824065
276824065
276824065
276824065
276824065
276824065
276824065
276824065
276824065
276824065
276824065
276824065
276824065
276824065
276824065
276824065
276824065
276824065
276824065
276824065
276824065
276824065
276824065
276824065
276824065
276824065
276824065
276824065
276824065
276824065
276824065
276824065
276824065
276824065
276824065
276824065
276824065
276824065
276824065
276824065
276824065
276824065
276824065
276824065
276824065
276824065
276824065
276824065
276824065
276824065
276824065
276824065
276824065
276824065
276824065
276824065
276824065
276824065
276824065
276824065
276824065
276824065
276824065
276824065
276824065
276824065
276824065
276824065
276824065
276824065
276824065
276824065
276824065
276824065
276824065
276824065
276824065
276824065
276824065
276824065
276824065
276824065
276824065
276824065
276824065
276824065
276824065
276824065
276824065
276824065
276824065
276824065
276824065
276824065
276824065
276824065
276824065
276824065
276824065
276824065
276824065
276824065
276824065
276824065
276824065
276824065
276824065
276824065
276824065
276824065
276824065
276824065
276824065
276824065
276824065
276824065
276824065
276824065
276824065
276824065
276824065
276824065
276824065
276824065
276824065
276824065
276824065
276824065
276824065
276824065
276824065
276824065
276824065
276824065
276824065
276824065
276824065
276824065
276824065
276824065
276824065
276824065
276824065
276824065
276824065
276824065
276824065
276824065
276824065
276824065
276824065
276824065
276824065
276824065
276824065
276824065
276824065
276824065
276824065
276824065
276824065
276824065
276824065
276824065
276824065
276824065
276824065
276824065
276824065
276824065
276824065
276824065
276824065
276824065
276824065
276824065
276824065
276824065
276824065
276824065
276824065
276824065
276824065
276824065
276824065
276824065
276824065
276824065
276824065
276824065
276824065
276824065
276824065
276824065
276824065
276824065
276824065
276824065
276824065
276824065
276824065
276824065
276824065
276824065
276824065
276824065
276824065
276824065
276824065
276824065
276824065
276824065
276824065
276824065
276824065
276824065
276824065
276824065
276824065
276824065
276824065
276824065
276824065
276824065
276824065
276824065
276824065
276824065
276824065
276824065
276824065
276824065
276824065
276824065
276824065
276824065
276824065
276824065
276824065
276824065
276824065
276824065
276824065
276824065
276824065
276824065
276824065
276824065
276824065
276824065
276824065
276824065
276824065
276824065
276824065
276824065
276824065
276824065
276824065
276824065
276824065
276824065
276824065
276824065
276824065
276824065
276824065
276824065
276824065
276824065
276824065
276824065
276824065
276824065
276824065
276824065
276824065
276824065
276824065
276824065
276824065
276824065
276824065
276824065
276824065
276824065
276824065
276824065
276824065
276824065
276824065
276824065
276824065
276824065
276824065
276824065
276824065
276824065
276824065
276824065
276824065
276824065
276824065
276824065
276824065
276824065
276824065
276824065
276824065
276824065
276824065
276824065
276824065
276824065
276824065
276824065
276824065
276824065
276824065
276824065
276824065
276824065
276824065
276824065
276824065
276824065
276824065
276824065
276824065
276824065
276824065
276824065
276824065
276824065
276824065
276824065
276824065
276824065
276824065
276824065
276824065
276824065
276824065
276824065
276824065
276824065
276824065
276824065
276824065
276824065
276824065
276824065
276824065
276824065
276824065
276824065
276824065
276824065
276824065
276824065
276824065
276824065
276824065
276824065
276824065
276824065
276824065
276824065
276824065
276824065
276824065
276824065
276824065
276824065
276824065
276824065
276824065
276824065
276824065
276824065
276824065
276824065
276824065
276824065
276824065
276824065
276824065
276824065
276824065
276824065
276824065
276824065
276824065
276824065
276824065
276824065
276824065
276824065
276824065
276824065
276824065
276824065
276824065
276824065
276824065
276824065
276824065
276824065
276824065
276824065
276824065
276824065
276824065
276824065
276824065
276824065
276824065
276824065
276824065
276824065
276824065
276824065
276824065
276824065
276824065
276824065
276824065
276824065
276824065
276824065
276824065
276824065
276824065
276824065
276824065
276824065
276824065
276824065
276824065
276824065
276824065
276824065
276824065
276824065
276824065
276824065
276824065
276824065
276824065
276824065
276824065
276824065
276824065
276824065
276824065
276824065
276824065
276824065
276824065
276824065
276824065
276824065
276824065
276824065
276824065
276824065
276824065
276824065
276824065
276824065
276824065
276824065
276824065
276824065
276824065
276824065
276824065
276824065
276824065
276824065
276824065
276824065
276824065
276824065
276824065
276824065
276824065
276824065
276824065
276824065
276824065
276824065
276824065
276824065
276824065
276824065
276824065
276824065
276824065
276824065
276824065
276824065
276824065
276824065
276824065
276824065
276824065
276824065
276824065
276824065
276824065
276824065
276824065
276824065
276824065
276824065
276824065
276824065
276824065
276824065
276824065
276824065
276824065
276824065
276824065
276824065
276824065
276824065
276824065
276824065
276824065
276824065
276824065
276824065
276824065
276824065
276824065
276824065
276824065
276824065
276824065
276824065
276824065
276824065
276824065
276824065
276824065
276824065
276824065
276824065
276824065
276824065
276824065
276824065
276824065
276824065
276824065
276824065
276824065
276824065
276824065
276824065
276824065
276824065
276824065
276824065
276824065
276824065
276824065
276824065
276824065
276824065
276824065
276824065
276824065
276824065
276824065
276824065
276824065
276824065
276824065
276824065
276824065
276824065
276824065
276824065
276824065
276824065
276824065
276824065
276824065
276824065
276824065
276824065
276824065
276824065
276824065
276824065
276824065
276824065
276824065
276824065
276824065
276824065
276824065
276824065
276824065
276824065
276824065
276824065
276824065
276824065
276824065
276824065
276824065
276824065
276824065
276824065
276824065
276824065
276824065
276824065
276824065
276824065
276824065
276824065
276824065
276824065
276824065
276824065
276824065
276824065
276824065
276824065
276824065
276824065
276824065
276824065
276824065
276824065
276824065
276824065
276824065
276824065
276824065
276824065
276824065
276824065
276824065
276824065
276824065
276824065
276824065
276824065
276824065
276824065
276824065
276824065
276824065
276824065
276824065
276824065
276824065
276824065
276824065
276824065
276824065
276824065
276824065
276824065
276824065
276824065
276824065
276824065
276824065
276824065
276824065
276824065
276824065
276824065
276824065
276824065
276824065
276824065
276824065
276824065
276824065
276824065
276824065
276824065
276824065
276824065
276824065
276824065
276824065
276824065
276824065
276824065
276824065
276824065
276824065
276824065
276824065
276824065
276824065
276824065
276824065
276824065
276824065
276824065
276824065
276824065
276824065
276824065
276824065
276824065
276824065
276824065
276824065
276824065
276824065
276824065
276824065
276824065
276824065
276824065
276824065
276824065
276824065
276824065
276824065
276824065
276824065
276824065
276824065
276824065
276824065
276824065
276824065
276824065
276824065
276824065
276824065
276824065
276824065
276824065
276824065
276824065
276824065
276824065
276824065
276824065
276824065
276824065
276824065
276824065
276824065
276824065
276824065
276824065
276824065
276824065
276824065
276824065
276824065
276824065
276824065
276824065
276824065
276824065
276824065
276824065
276824065
276824065
276824065
276824065
276824065
276824065
276824065
276824065
276824065
276824065
276824065
276824065
276824065
276824065
276824065
276824065
276824065
276824065
276824065
276824065
276824065
276824065
276824065
276824065
276824065
276824065
276824065
276824065
276824065
276824065
276824065
276824065
276824065
276824065
276824065
276824065
276824065
276824065
276824065
276824065
276824065
276824065
276824065
276824065
276824065
276824065
276824065
276824065
276824065
276824065
276824065
276824065
276824065
276824065
276824065
276824065
276824065
276824065
276824065
276824065
276824065
276824065
276824065
276824065
276824065
276824065
276824065
276824065
276824065
276824065
276824065
276824065
276824065
276824065
276824065
276824065
276824065
276824065
276824065
276824065
276824065
276824065
276824065
276824065
276824065
276824065
276824065
276824065
276824065
276824065
276824065
276824065
276824065
276824065
276824065
276824065
276824065
276824065
276824065
276824065
276824065
276824065
276824065
276824065
276824065
276824065
276824065
276824065
276824065
276824065
276824065
276824065
276824065
276824065
276824065
276824065
276824065
276824065
276824065
276824065
276824065
276824065
276824065
276824065
276824065
276824065
276824065
276824065
276824065
276824065
276824065
276824065
276824065
276824065
276824065
276824065
276824065
276824065
276824065
276824065
276824065
276824065
276824065
276824065
276824065
276824065
276824065
276824065
276824065
276824065
276824065
276824065
276824065
276824065
276824065
276824065
276824065
276824065
276824065
276824065
276824065
276824065
276824065
276824065
276824065
276824065
276824065
276824065
276824065
276824065
276824065
276824065
276824065
276824065
276824065
276824065
276824065
276824065
276824065
276824065
276824065
276824065
276824065
276824065
276824065
276824065
276824065
276824065
276824065
276824065
276824065
276824065
276824065
276824065
276824065
276824065
276824065
276824065
276824065
276824065
276824065
276824065
276824065
276824065
276824065
276824065
276824065
276824065
276824065
276824065
276824065
276824065
276824065
276824065
276824065
276824065
276824065
276824065
276824065
276824065
276824065
276824065
276824065
276824065
276824065
276824065
276824065
276824065
276824065
276824065
276824065
276824065
276824065
276824065
276824065
276824065
276824065
276824065
276824065
276824065
276824065
276824065
276824065
276824065
276824065
276824065
276824065
276824065
276824065
276824065
276824065
276824065
276824065
276824065
276824065
276824065
276824065
276824065
276824065
276824065
276824065
276824065
276824065
276824065
276824065
276824065
276824065
276824065
276824065
276824065
276824065
276824065
276824065
276824065
276824065
276824065
276824065
276824065
276824065
276824065
276824065
276824065
276824065
276824065
276824065
276824065
276824065
276824065
276824065
276824065
276824065
276824065
276824065
276824065
276824065
276824065
276824065
276824065
276824065
276824065
276824065
276824065
276824065
276824065
276824065
276824065
276824065
276824065
276824065
276824065
276824065
276824065
276824065
276824065
276824065
276824065
276824065
276824065
276824065
276824065
276824065
276824065
276824065
276824065
276824065
276824065
276824065
276824065
276824065
276824065
276824065
276824065
276824065
276824065
276824065
276824065
276824065
276824065
276824065
276824065
276824065
276824065
276824065
276824065
276824065
276824065
276824065
276824065
276824065
276824065
276824065
276824065
276824065
276824065
276824065
276824065
276824065
276824065
276824065
276824065
276824065
276824065
276824065
276824065
276824065
276824065
276824065
276824065
276824065
276824065
276824065
276824065
276824065
276824065
276824065
276824065
276824065
276824065
276824065
276824065
276824065
276824065
276824065
276824065
276824065
276824065
276824065
276824065
276824065
276824065
276824065
276824065
276824065
276824065
276824065
276824065
276824065
276824065
276824065
276824065
276824065
276824065
276824065
276824065
276824065
276824065
276824065
276824065
276824065
276824065
276824065
276824065
276824065
276824065
276824065
276824065
276824065
276824065
276824065
276824065
276824065
276824065
276824065
276824065
276824065
276824065
276824065
276824065
276824065
276824065
276824065
276824065
276824065
276824065
276824065
276824065
276824065
276824065
276824065
276824065
276824065
276824065
276824065
276824065
276824065
276824065
276824065
276824065
276824065
276824065
276824065
276824065
276824065
276824065
276824065
276824065
276824065
276824065
276824065
276824065
276824065
276824065
276824065
276824065
276824065
276824065
276824065
276824065
276824065
276824065
276824065
276824065
276824065
276824065
276824065
276824065
276824065
276824065
276824065
276824065
276824065
276824065
276824065
276824065
276824065
276824065
276824065
276824065
276824065
276824065
276824065
276824065
276824065
276824065
276824065
276824065
276824065
276824065
276824065
276824065
276824065
276824065
276824065
276824065
276824065
276824065
276824065
276824065
276824065
276824065
276824065
276824065
276824065
276824065
276824065
276824065
276824065
276824065
276824065
276824065
276824065
276824065
276824065
276824065
276824065
276824065
276824065
276824065
276824065
276824065
276824065
276824065
276824065
276824065
276824065
276824065
276824065
276824065
276824065
276824065
276824065
276824065
276824065
276824065
276824065
276824065
276824065
276824065
276824065
276824065
276824065
276824065
276824065
276824065
276824065
276824065
276824065
276824065
276824065
276824065
276824065
276824065
276824065
276824065
276824065
276824065
276824065
276824065
276824065
276824065
276824065
276824065
276824065
276824065
276824065
276824065
276824065
276824065
276824065
276824065
276824065
276824065
276824065
276824065
276824065
276824065
276824065
276824065
276824065
276824065
276824065
276824065
276824065
276824065
276824065
276824065
276824065
276824065
276824065
276824065
276824065
276824065
276824065
276824065
276824065
276824065
276824065
276824065
276824065
276824065
276824065
276824065
276824065
276824065
276824065
276824065
276824065
276824065
276824065
276824065
276824065
276824065
276824065
276824065
276824065
276824065
276824065
276824065
276824065
276824065
276824065
276824065
276824065
276824065
276824065
276824065
276824065
276824065
276824065
276824065
276824065
276824065
276824065
276824065
276824065
276824065
276824065
276824065
276824065
276824065
276824065
276824065
276824065
276824065
276824065
276824065
276824065
276824065
276824065
276824065
276824065
276824065
276824065
276824065
276824065
276824065
276824065
276824065
276824065
276824065
276824065
276824065
276824065
276824065
276824065
276824065
276824065
276824065
276824065
276824065
276824065
276824065
276824065
276824065
276824065
276824065
276824065
276824065
276824065
276824065
276824065
276824065
276824065
276824065
276824065
276824065
276824065
276824065
276824065
276824065
276824065
276824065
276824065
276824065
276824065
276824065
276824065
276824065
276824065
276824065
276824065
276824065
276824065
276824065
276824065
276824065
276824065
276824065
276824065
276824065
276824065
276824065
276824065
276824065
276824065
276824065
276824065
276824065
276824065
276824065
276824065
276824065
276824065
276824065
276824065
276824065
276824065
276824065
276824065
276824065
276824065
276824065
276824065
276824065
276824065
276824065
276824065
276824065
276824065
276824065
276824065
276824065
276824065
276824065
276824065
276824065
276824065
276824065
276824065
276824065
276824065
276824065
276824065
276824065
276824065
276824065
276824065
276824065
276824065
276824065
276824065
276824065
276824065
276824065
276824065
276824065
276824065
276824065
276824065
276824065
276824065
276824065
276824065
276824065
276824065
276824065
276824065
276824065
276824065
276824065
276824065
276824065
276824065
276824065
276824065
276824065
276824065
276824065
276824065
276824065
276824065
276824065
276824065
276824065
276824065
276824065
276824065
276824065
276824065
276824065
276824065
276824065
276824065
276824065
276824065
276824065
276824065
276824065
276824065
276824065
276824065
276824065
276824065
276824065
276824065
276824065
276824065
276824065
276824065
276824065
276824065
276824065
276824065
276824065
276824065
276824065
276824065
276824065
276824065
276824065
276824065
276824065
276824065
276824065
276824065
276824065
276824065
276824065
276824065
276824065
276824065
276824065
276824065
276824065
276824065
276824065
276824065
276824065
276824065
276824065
276824065
276824065
276824065
276824065
276824065
276824065
276824065
276824065
276824065
276824065
276824065
276824065
276824065
276824065
276824065
276824065
276824065
276824065
276824065
276824065
276824065
276824065
276824065
276824065
276824065
276824065
276824065
276824065
276824065
276824065
276824065
276824065
276824065
276824065
276824065
276824065
276824065
276824065
276824065
276824065
276824065
276824065
276824065
276824065
276824065
276824065
276824065
276824065
276824065
276824065
276824065
276824065
276824065
276824065
276824065
276824065
276824065
276824065
276824065
276824065
276824065
276824065
276824065
276824065
276824065
276824065
276824065
276824065
276824065
276824065
276824065
276824065
276824065
276824065
276824065
276824065
276824065
276824065
276824065
276824065
276824065
276824065
276824065
276824065
276824065
276824065
276824065
276824065
276824065
276824065
276824065
276824065
276824065
276824065
276824065
276824065
276824065
276824065
276824065
276824065
276824065
276824065
276824065
276824065
276824065
276824065
276824065
276824065
276824065
276824065
276824065
276824065
276824065
276824065
276824065
276824065
276824065
276824065
276824065
276824065
276824065
276824065
276824065
276824065
276824065
276824065
276824065
276824065
276824065
276824065
276824065
276824065
276824065
276824065
276824065
276824065
276824065
276824065
276824065
276824065
276824065
276824065
276824065
276824065
276824065
276824065
276824065
276824065
276824065
276824065
276824065
276824065
276824065
276824065
276824065
276824065
276824065
276824065
276824065
276824065
276824065
276824065
276824065
276824065
276824065
276824065
276824065
276824065
276824065
276824065
276824065
276824065
276824065
276824065
276824065
276824065
276824065
276824065
276824065
276824065
276824065
276824065
276824065
276824065
276824065
276824065
276824065
276824065
276824065
276824065
276824065
276824065
276824065
276824065
276824065
276824065
276824065
276824065
276824065
276824065
276824065
276824065
276824065
276824065
276824065
276824065
276824065
276824065
276824065
276824065
276824065
276824065
276824065
276824065
276824065
276824065
276824065
276824065
276824065
276824065
276824065
276824065
276824065
276824065
276824065
276824065
276824065
276824065
276824065
276824065
276824065
276824065
276824065
276824065
276824065
276824065
276824065
276824065
276824065
276824065
276824065
276824065
276824065
276824065
276824065
276824065
276824065
276824065
276824065
276824065
276824065
276824065
276824065
276824065
276824065
276824065
276824065
276824065
276824065
276824065
276824065
276824065
276824065
276824065
276824065
276824065
276824065
276824065
276824065
276824065
276824065
276824065
276824065
276824065
276824065
276824065
276824065
276824065
276824065
276824065
276824065
276824065
276824065
276824065
276824065
276824065
276824065
276824065
276824065
276824065
276824065
276824065
276824065
276824065
276824065
276824065
276824065
276824065
276824065
276824065
276824065
276824065
276824065
276824065
276824065
276824065
276824065
276824065
276824065
276824065
276824065
276824065
276824065
276824065
276824065
276824065
276824065
276824065
276824065
276824065
276824065
276824065
276824065
276824065
276824065
276824065
276824065
276824065
276824065
276824065
276824065
276824065
276824065
276824065
276824065
276824065
276824065
276824065
276824065
276824065
276824065
276824065
276824065
276824065
276824065
276824065
276824065
276824065
276824065
276824065
276824065
276824065
276824065
276824065
276824065
276824065
276824065
276824065
276824065
276824065
276824065
276824065
276824065
276824065
276824065
276824065
276824065
276824065
276824065
276824065
276824065
276824065
276824065
276824065
276824065
276824065
276824065
276824065
276824065
276824065
276824065
276824065
276824065
276824065
276824065
276824065
276824065
276824065
276824065
276824065
276824065
276824065
276824065
276824065
276824065
276824065
276824065
276824065
276824065
276824065
276824065
276824065
276824065
276824065
276824065
276824065
276824065
276824065
276824065
276824065
276824065
276824065
276824065
276824065
276824065
276824065
276824065
276824065
276824065
276824065
276824065
276824065
276824065
276824065
276824065
276824065
276824065
276824065
276824065
276824065
276824065
276824065
276824065
276824065
276824065
276824065
276824065
276824065
276824065
276824065
276824065
276824065
276824065
276824065
276824065
276824065
276824065
276824065
276824065
276824065
276824065
276824065
276824065
276824065
276824065
276824065
276824065
276824065
276824065
276824065
276824065
276824065
276824065
276824065
276824065
276824065
276824065
276824065
276824065
276824065
276824065
276824065
276824065
276824065
276824065
276824065
276824065
276824065
276824065
276824065
276824065
276824065
276824065
276824065
276824065
276824065
276824065
276824065
276824065
276824065
276824065
276824065
276824065
276824065
276824065
276824065
276824065
276824065
276824065
276824065
276824065
276824065
276824065
276824065
276824065
276824065
276824065
276824065
276824065
276824065
276824065
276824065
276824065
276824065
276824065
276824065
276824065
276824065
276824065
276824065
276824065
276824065
276824065
276824065
276824065
276824065
276824065
276824065
276824065
276824065
276824065
276824065
276824065
276824065
276824065
276824065
276824065
276824065
276824065
276824065
276824065
276824065
276824065
276824065
276824065
276824065
276824065
276824065
276824065
276824065
276824065
276824065
276824065
276824065
276824065
276824065
276824065
276824065
276824065
276824065
276824065
276824065
276824065
276824065
276824065
276824065
276824065
276824065
276824065
276824065
276824065
276824065
276824065
276824065
276824065
276824065
276824065
276824065
276824065
276824065
276824065
276824065
276824065
276824065
276824065
276824065
276824065
276824065
276824065
276824065
276824065
276824065
276824065
276824065
276824065
276824065
276824065
276824065
276824065
276824065
276824065
276824065
276824065
276824065
276824065
276824065
276824065
276824065
276824065
276824065
276824065
276824065
276824065
276824065
276824065
276824065
276824065
276824065
276824065
276824065
276824065
276824065
276824065
276824065
276824065
276824065
276824065
276824065
276824065
276824065
276824065
276824065
276824065
276824065
276824065
276824065
276824065
276824065
276824065
276824065
276824065
276824065
276824065
276824065
276824065
276824065
276824065
276824065
276824065
276824065
276824065
276824065
276824065
276824065
276824065
276824065
276824065
276824065
276824065
276824065
276824065
276824065
276824065
276824065
276824065
276824065
276824065
276824065
276824065
276824065
276824065
276824065
276824065
276824065
276824065
276824065
276824065
276824065
276824065
276824065
276824065
276824065
276824065
276824065
276824065
276824065
276824065
276824065
276824065
276824065
276824065
276824065
276824065
276824065
276824065
276824065
276824065
276824065
276824065
276824065
276824065
276824065
276824065
276824065
276824065
276824065
276824065
276824065
276824065
276824065
276824065
276824065
276824065
276824065
276824065
276824065
276824065
276824065
276824065
276824065
276824065
276824065
276824065
276824065
276824065
276824065
276824065
276824065
276824065
276824065
276824065
276824065
276824065
276824065
276824065
276824065
276824065
276824065
276824065
276824065
276824065
276824065
276824065
276824065
276824065
276824065
276824065
276824065
276824065
276824065
276824065
276824065
276824065
276824065
276824065
276824065
276824065
276824065
276824065
276824065
276824065
276824065
276824065
276824065
276824065
276824065
276824065
276824065
276824065
276824065
276824065
276824065
276824065
276824065
276824065
276824065
276824065
276824065
276824065
276824065
276824065
276824065
276824065
276824065
276824065
276824065
276824065
276824065
276824065
276824065
276824065
276824065
276824065
276824065
276824065
276824065
276824065
276824065
276824065
276824065
276824065
276824065
276824065
276824065
276824065
276824065
276824065
276824065
276824065
276824065
276824065
276824065
276824065
276824065
276824065
276824065
276824065
276824065
276824065
276824065
276824065
276824065
276824065
276824065
276824065
276824065
276824065
276824065
276824065
276824065
276824065
276824065
276824065
276824065
276824065
276824065
276824065
276824065
276824065
276824065
276824065
276824065
276824065
276824065
276824065
276824065
276824065
276824065
276824065
276824065
276824065
276824065
276824065
276824065
276824065
276824065
276824065
276824065
276824065
276824065
276824065
276824065
276824065
276824065
276824065
276824065
276824065
276824065
276824065
276824065
276824065
276824065
276824065
276824065
276824065
276824065
276824065
276824065
276824065
276824065
276824065
276824065
276824065
276824065
276824065
276824065
276824065
276824065
276824065
276824065
276824065
276824065
276824065
276824065
276824065
276824065
276824065
276824065
276824065
276824065
276824065
276824065
276824065
276824065
276824065
276824065
276824065
276824065
276824065
276824065
276824065
276824065
276824065
276824065
276824065
276824065
276824065
276824065
276824065
276824065
276824065
276824065
276824065
276824065
276824065
276824065
276824065
276824065
276824065
276824065
276824065
276824065
276824065
276824065
276824065
276824065
276824065
276824065
276824065
276824065
276824065
276824065
276824065
276824065
276824065
276824065
276824065
276824065
276824065
276824065
276824065
276824065
276824065
276824065
276824065
276824065
276824065
276824065
276824065
276824065
276824065
276824065
276824065
276824065
276824065
276824065
276824065
276824065
276824065
276824065
276824065
276824065
276824065
276824065
276824065
276824065
276824065
276824065
276824065
276824065
276824065
276824065
276824065
276824065
276824065
276824065
276824065
276824065
276824065
276824065
276824065
276824065
276824065
276824065
276824065
276824065
276824065
276824065
276824065
276824065
276824065
276824065
276824065
276824065
276824065
276824065
276824065
276824065
276824065
276824065
276824065
276824065
276824065
276824065
276824065
276824065
276824065
276824065
276824065
276824065
276824065
276824065
276824065
276824065
276824065
276824065
276824065
276824065
276824065
276824065
276824065
276824065
276824065
276824065
276824065
276824065
276824065
276824065
276824065
276824065
276824065
276824065
276824065
276824065
276824065
276824065
276824065
276824065
276824065
276824065
276824065
276824065
276824065
276824065
276824065
276824065
276824065
276824065
276824065
276824065
276824065
276824065
276824065
276824065
276824065
276824065
276824065
276824065
276824065
276824065
276824065
276824065
276824065
276824065
276824065
276824065
276824065
276824065
276824065
276824065
276824065
276824065
276824065
276824065
276824065
276824065
276824065
276824065
276824065
276824065
276824065
276824065
276824065
276824065
276824065
276824065
276824065
276824065
276824065
276824065
276824065
276824065
276824065
276824065
276824065
276824065
276824065
276824065
276824065
276824065
276824065
276824065
276824065
276824065
276824065
276824065
276824065
276824065
276824065
276824065
276824065
276824065
276824065
276824065
276824065
276824065
276824065
276824065
276824065
276824065
276824065
276824065
276824065
276824065
276824065
276824065
276824065
276824065
276824065
276824065
276824065
276824065
276824065
276824065
276824065
276824065
276824065
276824065
276824065
276824065
276824065
276824065
276824065
276824065
276824065
276824065
276824065
276824065
276824065
276824065
276824065
276824065
276824065
276824065
276824065
276824065
276824065
276824065
276824065
276824065
276824065
276824065
276824065
276824065
276824065
276824065
276824065
276824065
276824065
276824065
276824065
276824065
276824065
276824065
276824065
276824065
276824065
276824065
276824065
276824065
276824065
276824065
276824065
276824065
276824065
276824065
276824065
276824065
276824065
276824065
276824065
276824065
276824065
276824065
276824065
276824065
276824065
276824065
276824065
276824065
276824065
276824065
276824065
276824065
276824065
276824065
276824065
276824065
276824065
276824065
276824065
276824065
276824065
276824065
276824065
276824065
276824065
276824065
276824065
276824065
276824065
276824065
276824065
276824065
276824065
276824065
276824065
276824065
276824065
276824065
276824065
276824065
276824065
276824065
276824065
276824065
276824065
276824065
276824065
276824065
276824065
276824065
276824065
276824065
276824065
276824065
276824065
276824065
276824065
276824065
276824065
276824065
276824065
276824065
276824065
276824065
276824065
276824065
276824065
276824065
276824065
276824065
276824065
276824065
276824065
276824065
276824065
276824065
276824065
276824065
276824065
276824065
276824065
276824065
276824065
276824065
276824065
276824065
276824065
276824065
276824065
276824065
276824065
276824065
276824065
276824065
276824065
276824065
276824065
276824065
276824065
276824065
276824065
276824065
276824065
276824065
276824065
276824065
276824065
276824065
276824065
276824065
276824065
276824065
276824065
276824065
276824065
276824065
276824065
276824065
276824065
276824065
276824065
276824065
276824065
276824065
276824065
276824065
276824065
276824065
276824065
276824065
276824065
276824065
276824065
276824065
276824065
276824065
276824065
276824065
276824065
276824065
276824065
276824065
276824065
276824065
276824065
276824065
276824065
276824065
276824065
276824065
276824065
276824065
276824065
276824065
276824065
276824065
276824065
276824065
276824065
276824065
276824065
276824065
276824065
276824065
276824065
276824065
276824065
276824065
276824065
276824065
276824065
276824065
276824065
276824065
276824065
276824065
276824065
276824065
276824065
276824065
276824065
276824065
276824065
276824065
276824065
276824065
276824065
276824065
276824065
276824065
276824065
276824065
276824065
276824065
276824065
276824065
276824065
276824065
276824065
276824065
276824065
276824065
276824065
276824065
276824065
276824065
276824065
276824065
276824065
276824065
276824065
276824065
276824065
276824065
276824065
276824065
276824065
276824065
276824065
276824065
276824065
276824065
276824065
276824065
276824065
276824065
276824065
276824065
276824065
276824065
276824065
276824065
276824065
276824065
276824065
276824065
276824065
276824065
276824065
276824065
276824065
276824065
276824065
276824065
276824065
276824065
276824065
276824065
276824065
276824065
276824065
276824065
276824065
276824065
276824065
276824065
276824065
276824065
276824065
276824065
276824065
276824065
276824065
276824065
276824065
276824065
276824065
276824065
276824065
276824065
276824065
276824065
276824065
276824065
276824065
276824065
276824065
276824065
276824065
276824065
276824065
276824065
276824065
276824065
276824065
276824065
276824065
276824065
276824065
276824065
276824065
276824065
276824065
276824065
276824065
276824065
276824065
276824065
276824065
276824065
276824065
276824065
276824065
276824065
276824065
276824065
276824065
276824065
276824065
276824065
276824065
276824065
276824065
276824065
276824065
276824065
276824065
276824065
276824065
276824065
276824065
276824065
276824065
276824065
276824065
276824065
276824065
276824065
276824065
276824065
276824065
276824065
276824065
276824065
276824065
276824065
276824065
276824065
276824065
276824065
276824065
276824065
276824065
276824065
276824065
276824065
276824065
276824065
276824065
276824065
276824065
276824065
276824065
276824065
276824065
276824065
276824065
276824065
276824065
276824065
276824065
276824065
276824065
276824065
276824065
276824065
276824065
276824065
276824065
276824065
276824065
276824065
276824065
276824065
276824065
276824065
276824065
276824065
276824065
276824065
276824065
276824065
276824065
276824065
276824065
276824065
276824065
276824065
276824065
276824065
276824065
276824065
276824065
276824065
276824065
276824065
276824065
276824065
276824065
276824065
276824065
276824065
276824065
276824065
276824065
276824065
276824065
276824065
276824065
276824065
276824065
276824065
276824065
276824065
276824065
276824065
276824065
276824065
276824065
276824065
276824065
276824065
276824065
276824065
276824065
276824065
276824065
276824065
276824065
276824065
276824065
276824065
276824065
276824065
276824065
276824065
276824065
276824065
276824065
276824065
276824065
276824065
276824065
276824065
276824065
276824065
276824065
276824065
276824065
276824065
276824065
276824065
276824065
276824065
276824065
276824065
276824065
276824065
276824065
276824065
276824065
276824065
276824065
276824065
276824065
276824065
276824065
276824065
276824065
276824065
276824065
276824065
276824065
276824065
276824065
276824065
276824065
276824065
276824065
276824065
276824065
276824065
276824065
276824065
276824065
276824065
276824065
276824065
276824065
276824065
276824065
276824065
276824065
276824065
276824065
276824065
276824065
276824065
276824065
276824065
276824065
276824065
276824065
276824065
276824065
276824065
276824065
276824065
276824065
276824065
276824065
276824065
276824065
276824065
276824065
276824065
276824065
276824065
276824065
276824065
276824065
276824065
276824065
276824065
276824065
276824065
276824065
276824065
276824065
276824065
276824065
276824065
276824065
276824065
276824065
276824065
276824065
276824065
276824065
276824065
276824065
276824065
276824065
276824065
276824065
276824065
276824065
276824065
276824065
276824065
276824065
276824065
276824065
276824065
276824065
276824065
276824065
276824065
276824065
276824065
276824065
276824065
276824065
276824065
276824065
276824065
276824065
276824065
276824065
276824065
276824065
276824065
276824065
276824065
276824065
276824065
276824065
276824065
276824065
276824065
276824065
276824065
276824065
276824065
276824065
276824065
276824065
276824065
276824065
276824065
276824065
276824065
276824065
276824065
276824065
276824065
276824065
276824065
276824065
276824065
276824065
276824065
276824065
276824065
276824065
276824065
276824065
276824065
276824065
276824065
276824065
276824065
276824065
276824065
276824065
276824065
276824065
276824065
276824065
276824065
276824065
276824065
276824065
276824065
276824065
276824065
276824065
276824065
276824065
276824065
276824065
276824065
276824065
276824065
276824065
276824065
276824065
276824065
276824065
276824065
276824065
276824065
276824065
276824065
276824065
276824065
276824065
276824065
276824065
276824065
276824065
276824065
276824065
276824065
276824065
276824065
276824065
276824065
276824065
276824065
276824065
276824065
276824065
276824065
276824065
276824065
276824065
276824065
276824065
276824065
276824065
276824065
276824065
276824065
276824065
276824065
276824065
276824065
276824065
276824065
276824065
276824065
276824065
276824065
276824065
276824065
276824065
276824065
276824065
276824065
276824065
276824065
276824065
276824065
276824065
276824065
276824065
276824065
276824065
276824065
276824065
276824065
276824065
276824065
276824065
276824065
276824065
276824065
276824065
276824065
276824065
276824065
276824065
276824065
276824065
276824065
276824065
276824065
276824065
276824065
276824065
276824065
276824065
276824065
276824065
276824065
276824065
276824065
276824065
276824065
276824065
276824065
276824065
276824065
276824065
276824065
276824065
276824065
276824065
276824065
276824065
276824065
276824065
276824065
276824065
276824065
276824065
276824065
276824065
276824065
276824065
276824065
276824065
276824065
276824065
276824065
276824065
276824065
276824065
276824065
276824065
276824065
276824065
276824065
276824065
276824065
276824065
276824065
276824065
276824065
276824065
276824065
276824065
276824065
276824065
276824065
276824065
276824065
276824065
276824065
276824065
276824065
276824065
276824065
276824065
276824065
276824065
276824065
276824065
276824065
276824065
276824065
276824065
276824065
276824065
276824065
276824065
276824065
276824065
276824065
276824065
276824065
276824065
276824065
276824065
276824065
276824065
276824065
276824065
276824065
276824065
276824065
276824065
276824065
276824065
276824065
276824065
276824065
276824065
276824065
276824065
276824065
276824065
276824065
276824065
276824065
276824065
276824065
276824065
276824065
276824065
276824065
276824065
276824065
276824065
276824065
276824065
276824065
276824065
276824065
276824065
276824065
276824065
276824065
276824065
276824065
276824065
276824065
276824065
276824065
276824065
276824065
276824065
276824065
276824065
276824065
276824065
276824065
276824065
276824065
276824065
276824065
276824065
276824065
276824065
276824065
276824065
276824065
276824065
276824065
276824065
276824065
276824065
276824065
276824065
276824065
276824065
276824065
276824065
276824065
276824065
276824065
276824065
276824065
276824065
276824065
276824065
276824065
276824065
276824065
276824065
276824065
276824065
276824065
276824065
276824065
276824065
276824065
276824065
276824065
276824065
276824065
276824065
276824065
276824065
276824065
276824065
276824065
276824065
276824065
276824065
276824065
276824065
276824065
276824065
276824065
276824065
276824065
276824065
276824065
276824065
276824065
276824065
276824065
276824065
276824065
276824065
276824065
276824065
276824065
276824065
276824065
276824065
276824065
276824065
276824065
276824065
276824065
276824065
276824065
276824065
276824065
276824065
276824065
276824065
276824065
276824065
276824065
276824065
276824065
276824065
276824065
276824065
276824065
276824065
276824065
276824065
276824065
276824065
276824065
276824065
276824065
276824065
276824065
276824065
276824065
276824065
276824065
276824065
276824065
276824065
276824065
276824065
276824065
276824065
276824065
276824065
276824065
276824065
276824065
276824065
276824065
276824065
276824065
276824065
276824065
276824065
276824065
276824065
276824065
276824065
276824065
276824065
276824065
276824065
276824065
276824065
276824065
276824065
276824065
276824065
276824065
276824065
276824065
276824065
276824065
276824065
276824065
276824065
276824065
276824065
276824065
276824065
276824065
276824065
276824065
276824065
276824065
276824065
276824065
276824065
276824065
276824065
276824065
276824065
276824065
276824065
276824065
276824065
276824065
276824065
276824065
276824065
276824065
276824065
276824065
276824065
276824065
276824065
276824065
276824065
276824065
276824065
276824065
276824065
276824065
276824065
276824065
276824065
276824065
276824065
276824065
276824065
276824065
276824065
276824065
276824065
276824065
276824065
276824065
276824065
276824065
276824065
276824065
276824065
276824065
276824065
276824065
276824065
276824065
276824065
276824065
276824065
276824065
276824065
276824065
276824065
276824065
276824065
276824065
276824065
276824065
276824065
276824065
276824065
276824065
276824065
276824065
276824065
276824065
276824065
276824065
276824065
276824065
276824065
276824065
276824065
276824065
276824065
276824065
276824065
276824065
276824065
276824065
276824065
276824065
276824065
276824065
276824065
276824065
276824065
276824065
276824065
276824065
276824065
276824065
276824065
276824065
276824065
276824065
