1.453125
1.328125
0.984375
0.531250
0.000000
-0.531250
-1.000000
-1.328125
-1.453125
-1.359375
-1.000000
-0.437500
0.234375
0.796875
0.984375
0.781250
0.218750
-0.468750
-1.000000
-1.250000
-1.218750
-1.078125
-1.000000
-1.078125
-1.218750
-1.250000
-1.000000
-0.484375
0.203125
0.781250
0.984375
0.765625
0.187500
-0.484375
-1.000000
-1.250000
-1.234375
-1.125000
-1.000000
-0.937500
-0.937500
-0.953125
-1.000000
-1.109375
-1.203125
-1.203125
-1.000000
-0.578125
-0.031250
0.515625
0.984375
1.328125
1.437500
1.343750
0.984375
0.421875
-0.250000
-0.796875
-1.000000
-0.781250
-0.234375
0.421875
0.984375
1.375000
1.484375
1.375000
0.984375
0.437500
-0.218750
-0.781250
-1.000000
-0.765625
-0.203125
0.468750
0.984375
1.250000
1.234375
1.125000
0.984375
0.953125
0.953125
0.953125
0.984375
1.109375
1.218750
1.250000
0.984375
0.468750
-0.218750
-0.812500
-1.000000
-0.671875
0.031250
0.734375
0.984375
0.718750
0.015625
-0.703125
-1.000000
-0.718750
0.000000
0.718750
0.984375
0.718750
0.000000
-0.718750
-1.000000
-0.718750
0.000000
0.718750
0.984375
0.718750
0.000000
-0.718750
-1.000000
-0.703125
0.015625
0.718750
0.984375
0.718750
0.015625
-0.671875
-1.000000
-0.843750
-0.265625
0.421875
0.984375
1.359375
1.437500
1.312500
0.984375
0.531250
0.000000
-0.531250
-1.000000
-1.328125
-1.453125
-1.359375
-1.000000
-0.437500
0.234375
0.796875
0.984375
0.781250
0.218750
-0.468750
-1.000000
-1.234375
-1.203125
-1.078125
-1.000000
-1.062500
-1.187500
-1.203125
-1.000000
-0.593750
-0.031250
0.531250
0.984375
1.312500
1.406250
1.296875
0.984375
0.531250
-0.015625
-0.546875
-1.000000
-1.312500
-1.437500
-1.359375
-1.000000
-0.421875
0.265625
0.843750
0.984375
0.671875
-0.015625
-0.718750
-1.000000
-0.703125
0.000000
0.703125
0.984375
0.718750
0.015625
-0.671875
-1.000000
-0.828125
-0.250000
0.421875
0.984375
1.375000
1.468750
1.359375
0.984375
0.437500
-0.218750
-0.781250
-1.000000
-0.765625
-0.203125
0.468750
0.984375
1.250000
1.234375
1.125000
0.984375
0.937500
0.937500
0.953125
0.984375
1.093750
1.187500
1.203125
0.984375
0.578125
0.015625
-0.562500
-1.000000
-1.203125
-1.171875
-1.046875
-1.000000
-1.062500
-1.187500
-1.234375
-1.000000
-0.468750
0.234375
0.828125
0.984375
0.656250
-0.046875
-0.734375
-1.000000
-0.734375
-0.046875
0.656250
0.984375
0.828125
0.234375
-0.468750
-1.000000
-1.250000
-1.203125
-1.062500
-1.000000
-1.062500
-1.203125
-1.250000
-1.000000
-0.468750
0.234375
0.828125
0.984375
0.671875
-0.031250
-0.734375
-1.000000
-0.718750
-0.015625
0.703125
0.984375
0.703125
-0.015625
-0.718750
-1.000000
-0.734375
-0.031250
0.671875
0.984375
0.828125
0.234375
-0.468750
-1.000000
-1.250000
-1.203125
-1.062500
-1.000000
-1.062500
-1.203125
-1.250000
-1.000000
-0.468750
0.234375
0.828125
0.984375
0.671875
-0.031250
-0.734375
-1.000000
-0.718750
-0.015625
0.703125
0.984375
0.703125
-0.015625
-0.718750
-1.000000
-0.734375
-0.031250
0.671875
0.984375
0.828125
0.234375
-0.468750
-1.000000
-1.250000
-1.203125
-1.062500
-1.000000
-1.062500
-1.203125
-1.250000
-1.000000
-0.468750
0.234375
0.828125
0.984375
0.671875
-0.031250
-0.734375
-1.000000
-0.703125
0.000000
0.703125
0.984375
0.718750
0.015625
-0.671875
-1.000000
-0.843750
-0.265625
0.421875
0.984375
1.359375
1.437500
1.312500
0.984375
0.546875
0.015625
-0.531250
-1.000000
-1.312500
-1.421875
-1.312500
-1.000000
-0.546875
0.000000
0.546875
0.984375
1.312500
1.421875
1.312500
0.984375
0.546875
0.000000
-0.546875
-1.000000
-1.312500
-1.421875
-1.312500
-1.000000
-0.531250
0.015625
0.546875
0.984375
1.328125
1.453125
1.359375
0.984375
0.437500
-0.234375
-0.796875
-1.000000
-0.765625
-0.203125
0.468750
0.984375
1.250000
1.234375
1.125000
0.984375
0.953125
0.953125
0.953125
0.984375
1.109375
1.218750
1.250000
0.984375
0.468750
-0.218750
-0.812500
-1.000000
-0.671875
0.031250
0.734375
0.984375
0.718750
0.015625
-0.703125
-1.000000
-0.718750
0.000000
0.718750
0.984375
0.703125
-0.015625
-0.718750
-1.000000
-0.718750
-0.015625
0.671875
0.984375
0.843750
0.265625
-0.421875
-1.000000
-1.343750
-1.421875
-1.312500
-1.000000
-0.515625
0.031250
0.578125
0.984375
1.203125
1.203125
1.109375
0.984375
0.953125
0.937500
0.937500
0.984375
1.109375
1.218750
1.250000
0.984375
0.468750
-0.218750
-0.812500
-1.000000
-0.671875
0.031250
0.734375
0.984375
0.718750
0.015625
-0.703125
-1.000000
-0.703125
0.015625
0.718750
0.984375
0.718750
0.015625
-0.671875
-1.000000
-0.828125
-0.250000
0.421875
0.984375
1.375000
1.468750
1.359375
0.984375
0.437500
-0.218750
-0.781250
-1.000000
-0.765625
-0.203125
0.468750
0.984375
1.250000
1.234375
1.125000
0.984375
0.953125
0.953125
0.953125
0.984375
1.125000
1.234375
1.250000
0.984375
0.484375
-0.187500
-0.765625
-1.000000
-0.781250
-0.203125
0.484375
0.984375
1.250000
1.218750
1.078125
0.984375
1.078125
1.218750
1.250000
0.984375
0.468750
-0.218750
-0.781250
-1.000000
-0.796875
-0.234375
0.437500
0.984375
1.343750
1.437500
1.328125
0.984375
0.531250
-0.015625
-0.578125
-1.000000
-1.203125
-1.187500
-1.062500
-1.000000
-1.078125
-1.203125
-1.234375
-1.000000
-0.484375
0.203125
0.781250
0.984375
0.765625
0.187500
-0.484375
-1.000000
-1.250000
-1.234375
-1.125000
-1.000000
-0.953125
-0.953125
-0.953125
-1.000000
-1.109375
-1.218750
-1.250000
-1.000000
-0.468750
0.218750
0.812500
0.984375
0.656250
-0.046875
-0.734375
-1.000000
-0.734375
-0.046875
0.656250
0.984375
0.812500
0.218750
-0.468750
-1.000000
-1.250000
-1.218750
-1.109375
-1.000000
-0.937500
-0.937500
-0.953125
-1.000000
-1.109375
-1.203125
-1.203125
-1.000000
-0.578125
-0.031250
0.515625
0.984375
1.328125
1.437500
1.343750
0.984375
0.421875
-0.250000
-0.796875
-1.000000
-0.796875
-0.250000
0.421875
0.984375
1.359375
1.453125
1.328125
0.984375
0.546875
0.015625
-0.531250
-1.000000
-1.312500
-1.421875
-1.312500
-1.000000
-0.531250
0.015625
0.546875
0.984375
1.328125
1.453125
1.359375
0.984375
0.421875
-0.250000
-0.796875
-1.000000
-0.781250
-0.234375
0.421875
0.984375
1.375000
1.484375
1.375000
0.984375
0.437500
-0.218750
-0.781250
-1.000000
-0.765625
-0.203125
0.468750
0.984375
1.265625
1.250000
1.125000
0.984375
0.953125
0.968750
1.000000
0.984375
1.000000
0.968750
0.953125
0.984375
1.125000
1.250000
1.265625
0.984375
0.468750
-0.203125
-0.765625
-1.000000
-0.796875
-0.234375
0.437500
0.984375
1.359375
1.453125
1.328125
0.984375
0.531250
0.000000
-0.531250
-1.000000
-1.328125
-1.453125
-1.359375
-1.000000
-0.437500
0.234375
0.796875
0.984375
0.781250
0.218750
-0.468750
-1.000000
-1.250000
-1.218750
-1.078125
-1.000000
-1.062500
-1.203125
-1.250000
-1.000000
-0.453125
0.250000
0.828125
0.984375
0.687500
0.000000
-0.687500
-1.000000
-0.812500
-0.234375
0.453125
0.984375
1.265625
1.234375
1.109375
0.984375
0.953125
0.968750
1.000000
0.984375
0.984375
0.953125
0.953125
0.984375
1.093750
1.203125
1.218750
0.984375
0.562500
0.000000
-0.562500
-1.000000
-1.218750
-1.203125
-1.093750
-1.000000
-0.953125
-0.953125
-0.984375
-1.000000
-1.000000
-0.968750
-0.953125
-1.000000
-1.109375
-1.234375
-1.265625
-1.000000
-0.453125
0.234375
0.812500
0.984375
0.687500
0.000000
-0.687500
-1.000000
-0.812500
-0.234375
0.453125
0.984375
1.265625
1.234375
1.109375
0.984375
0.953125
0.968750
1.000000
0.984375
1.000000
0.968750
0.953125
0.984375
1.109375
1.234375
1.265625
0.984375
0.453125
-0.234375
-0.812500
-1.000000
-0.687500
0.000000
0.687500
0.984375
0.812500
0.234375
-0.453125
-1.000000
-1.250000
-1.218750
-1.109375
-1.000000
-0.937500
-0.937500
-0.953125
-1.000000
-1.109375
-1.203125
-1.203125
-1.000000
-0.578125
-0.031250
0.515625
0.984375
1.328125
1.437500
1.343750
0.984375
0.421875
-0.250000
-0.796875
-1.000000
-0.796875
-0.250000
0.421875
0.984375
1.359375
1.453125
1.328125
0.984375
0.531250
0.000000
-0.531250
-1.000000
-1.312500
-1.437500
-1.359375
-1.000000
-0.406250
0.281250
0.843750
0.984375
0.687500
0.015625
-0.671875
-1.000000
-0.812500
-0.234375
0.453125
0.984375
1.265625
1.234375
1.109375
0.984375
0.953125
0.968750
1.000000
0.984375
1.000000
0.968750
0.953125
0.984375
1.109375
1.234375
1.265625
0.984375
0.453125
-0.234375
-0.812500
-1.000000
-0.687500
0.000000
0.687500
0.984375
0.812500
0.234375
-0.453125
-1.000000
-1.250000
-1.218750
-1.109375
-1.000000
-0.937500
-0.937500
-0.953125
-1.000000
-1.109375
-1.203125
-1.203125
-1.000000
-0.578125
-0.031250
0.515625
0.984375
1.312500
1.421875
1.343750
0.984375
0.406250
-0.281250
-0.843750
-1.000000
-0.687500
-0.015625
0.671875
0.984375
0.812500
0.234375
-0.453125
-1.000000
-1.265625
-1.234375
-1.109375
-1.000000
-0.968750
-0.984375
-1.000000
-1.000000
-1.015625
-1.000000
-1.000000
-1.000000
-1.000000
-1.000000
-1.015625
-1.000000
-1.000000
-0.984375
-0.968750
-1.000000
-1.109375
-1.234375
-1.265625
-1.000000
-0.468750
0.218750
0.812500
0.984375
0.671875
-0.031250
-0.734375
-1.000000
-0.718750
-0.015625
0.703125
0.984375
0.718750
0.000000
-0.718750
-1.000000
-0.718750
0.000000
0.718750
0.984375
0.718750
0.000000
-0.718750
-1.000000
-0.718750
0.000000
0.718750
0.984375
0.703125
-0.015625
-0.718750
-1.000000
-0.718750
-0.015625
0.671875
0.984375
0.843750
0.265625
-0.421875
-1.000000
-1.359375
-1.437500
-1.312500
-1.000000
-0.531250
0.000000
0.531250
0.984375
1.328125
1.453125
1.359375
0.984375
0.437500
-0.234375
-0.796875
-1.000000
-0.765625
-0.203125
0.468750
0.984375
1.265625
1.250000
1.125000
0.984375
0.953125
0.968750
1.000000
0.984375
0.984375
0.953125
0.953125
0.984375
1.093750
1.203125
1.218750
0.984375
0.578125
0.015625
-0.562500
-1.000000
-1.203125
-1.171875
-1.046875
-1.000000
-1.078125
-1.203125
-1.234375
-1.000000
-0.468750
0.218750
0.781250
0.984375
0.796875
0.234375
-0.437500
-1.000000
-1.359375
-1.453125
-1.328125
-1.000000
-0.531250
0.000000
0.531250
0.984375
1.328125
1.453125
1.359375
0.984375
0.421875
-0.250000
-0.796875
-1.000000
-0.796875
-0.250000
0.421875
0.984375
1.359375
